// MilkShape 3D ASCII
// Converted from .obj with obj2ms3dascii.lua by FMS_Cat
// https://github.com/FMS-Cat/obj2ms3dascii
Frames: 30
Frame: 1
Meshes: 1
"Center" 0 0
412
0 1 1 -1 0.625 0.5 -1
0 -1 1 -1 0.875 0.5 -1
0 -1 1 1 0.875 0.75 -1
0 1 1 1 0.625 0.75 -1
0 1 -1 1 0.375 0.75 -1
0 1 1 1 0.625 0.75 -1
0 -1 1 1 0.625 1 -1
0 -1 -1 1 0.375 1 -1
0 -1 -1 1 0.375 0 -1
0 -1 1 1 0.625 0 -1
0 -1 1 -1 0.625 0.25 -1
0 -1 -1 -1 0.375 0.25 -1
0 -1 -1 -1 0.125 0.5 -1
0 1 -1 -1 0.375 0.5 -1
0 1 -1 1 0.375 0.75 -1
0 -1 -1 1 0.125 0.75 -1
0 1 -1 -1 0.375 0.5 -1
0 1 1 -1 0.625 0.5 -1
0 1 1 1 0.625 0.75 -1
0 1 -1 1 0.375 0.75 -1
0 -1 -1 -1 0.375 0.25 -1
0 -1 1 -1 0.625 0.25 -1
0 1 1 -1 0.625 0.5 -1
0 1 -1 -1 0.375 0.5 -1
0 -30.420799 0 -0.079464 0.004818 0.513213 -1
0 -30.420799 -2.02568 -0.079464 0.004818 0.482628 -1
0 -27.691299 -0.895074 7.08225 0.00939 0.499699 -1
0 -28.005983 -0.000001 6.256576 0.008863 0.513213 -1
0 -30.420799 -2.02568 -0.079464 0.004818 0.482628 -1
0 -1.3274 -31.119101 -0.079469 0.053542 0.043363 -1
0 -0.196788 -28.389603 7.082245 0.055436 0.084574 -1
0 -0.196788 -28.389603 7.082245 0.055436 0.084574 -1
0 -27.691299 -0.895074 7.08225 0.00939 0.499699 -1
0 -30.420799 -2.02568 -0.079464 0.004818 0.482628 -1
0 -1.3274 -31.119101 -0.079469 0.053542 0.043363 -1
0 1.32739 -31.119101 0.041254 0.057989 0.043363 -1
0 0.196783 -28.389603 7.082225 0.056095 0.084574 -1
0 0.196783 -28.389603 7.082225 0.056095 0.084574 -1
0 -0.196788 -28.389603 7.082245 0.055436 0.084574 -1
0 -1.3274 -31.119101 -0.079469 0.053542 0.043363 -1
0 1.32739 -31.119101 0.041254 0.057989 0.043363 -1
0 30.420799 -2.02568 0.041254 0.106713 0.482629 -1
0 27.691299 -0.895074 7.08223 0.102142 0.499699 -1
0 27.691299 -0.895074 7.08223 0.102142 0.499699 -1
0 0.196783 -28.389603 7.082225 0.056095 0.084574 -1
0 1.32739 -31.119101 0.041254 0.057989 0.043363 -1
0 27.691299 -0.000001 7.08223 0.102142 0.513213 -1
0 27.691299 -0.895074 7.08223 0.102142 0.499699 -1
0 30.420799 -2.02568 0.041254 0.106713 0.482629 -1
0 29.708624 0 1.878373 0.10552 0.513214 -1
0 -27.691299 -0.000001 7.08225 0.00939 0.513213 -1
0 -27.691299 -0.895074 7.08225 0.00939 0.499699 -1
0 -26.7279 -0.496037 7.08225 0.011003 0.505724 -1
0 -26.804556 -0.000001 7.08225 0.010874 0.513213 -1
0 -27.691299 -0.895074 7.08225 0.00939 0.499699 -1
0 -0.196788 -28.389603 7.082245 0.055436 0.084574 -1
0 -0.000002 -27.426203 7.082236 0.055766 0.09912 -1
0 -0.196788 -28.389603 7.082245 0.055436 0.084574 -1
0 0.196783 -28.389603 7.082225 0.056095 0.084574 -1
0 -0.000002 -27.426203 7.082236 0.055766 0.09912 -1
0 0.196783 -28.389603 7.082225 0.056095 0.084574 -1
0 27.691299 -0.895074 7.08223 0.102142 0.499699 -1
0 26.7279 -0.496037 7.08223 0.100529 0.505724 -1
0 26.7279 -0.496037 7.08223 0.100529 0.505724 -1
0 -0.000002 -27.426203 7.082236 0.055766 0.09912 -1
0 0.196783 -28.389603 7.082225 0.056095 0.084574 -1
0 26.7279 -0.000001 7.08223 0.100529 0.513213 -1
0 26.7279 -0.496037 7.08223 0.100529 0.505724 -1
0 27.691299 -0.895074 7.08223 0.102142 0.499699 -1
0 27.552975 -0.000001 7.08223 0.10191 0.513213 -1
0 -26.804556 0.000001 -7.08225 0.010874 0.513213 -1
0 -26.7279 0.000001 -7.08225 0.011003 0.513213 -1
0 -26.7279 -0.496035 -7.08225 0.011003 0.505724 -1
0 -0.000002 -27.426199 -7.082244 0.055766 0.09912 -1
0 -0.196788 -28.389599 -7.082255 0.055436 0.084574 -1
0 -27.691299 -0.895072 -7.08225 0.00939 0.499699 -1
0 -0.000002 -27.426199 -7.082244 0.055766 0.09912 -1
0 0.196783 -28.389599 -7.082235 0.056095 0.084574 -1
0 -0.196788 -28.389599 -7.082255 0.055436 0.084574 -1
0 26.7279 -0.496035 -7.08223 0.100529 0.505724 -1
0 27.691299 -0.895072 -7.08223 0.102142 0.499699 -1
0 0.196783 -28.389599 -7.082235 0.056095 0.084574 -1
0 0.196783 -28.389599 -7.082235 0.056095 0.084574 -1
0 -0.000002 -27.426199 -7.082244 0.055766 0.09912 -1
0 26.7279 -0.496035 -7.08223 0.100529 0.505724 -1
0 27.552975 0.000001 -7.08223 0.10191 0.513213 -1
0 27.691299 0.000001 -7.08223 0.102142 0.513213 -1
0 27.691299 -0.895072 -7.08223 0.102142 0.499699 -1
0 -28.005983 0.000001 -6.274899 0.008863 0.513213 -1
0 -27.691299 0.000001 -7.08225 0.00939 0.513213 -1
0 -27.691299 -0.895072 -7.08225 0.00939 0.499699 -1
0 -1.3274 -31.119101 -0.079469 0.053542 0.043363 -1
0 -30.420799 -2.02568 -0.079464 0.004818 0.482628 -1
0 -0.196788 -28.389599 -7.082255 0.055436 0.084574 -1
0 -0.196788 -28.389599 -7.082255 0.055436 0.084574 -1
0 -30.420799 -2.02568 -0.079464 0.004818 0.482628 -1
0 -27.691299 -0.895072 -7.08225 0.00939 0.499699 -1
0 -0.196788 -28.389599 -7.082255 0.055436 0.084574 -1
0 0.196783 -28.389599 -7.082235 0.056095 0.084574 -1
0 -1.3274 -31.119101 -0.079469 0.053542 0.043363 -1
0 -1.3274 -31.119101 -0.079469 0.053542 0.043363 -1
0 0.196783 -28.389599 -7.082235 0.056095 0.084574 -1
0 1.32739 -31.119101 0.041254 0.057989 0.043363 -1
0 1.32739 -31.119101 0.041254 0.057989 0.043363 -1
0 0.196783 -28.389599 -7.082235 0.056095 0.084574 -1
0 27.691299 -0.895072 -7.08223 0.102142 0.499699 -1
0 27.691299 -0.895072 -7.08223 0.102142 0.499699 -1
0 30.420799 -2.02568 0.041254 0.106713 0.482629 -1
0 1.32739 -31.119101 0.041254 0.057989 0.043363 -1
0 29.708624 0 -1.817393 0.10552 0.513214 -1
0 30.420799 0 0.041254 0.106713 0.513214 -1
0 30.420799 -2.02568 0.041254 0.106713 0.482629 -1
0 -0.000002 -27.426203 7.082236 0.055766 0.09912 -1
0 -26.7279 -0.496037 7.08225 0.011003 0.505724 -1
0 -27.691299 -0.895074 7.08225 0.00939 0.499699 -1
0 -27.691299 -0.895072 -7.08225 0.00939 0.499699 -1
0 -26.7279 -0.496035 -7.08225 0.011003 0.505724 -1
0 -0.000002 -27.426199 -7.082244 0.055766 0.09912 -1
0 -25.684299 -0.000001 5.98734 0.012751 0.513213 -1
0 -25.684299 -0.063745 5.98734 0.012751 0.512251 -1
0 -0.000002 -25.747702 5.987336 0.055766 0.124462 -1
0 -21.573174 -0.000001 5.98734 0.019636 0.513215 -1
0 -19.561684 -0.000001 5.98734 0.023005 0.513214 -1
0 -21.573174 -0.000001 5.98734 0.019636 0.513215 -1
0 -0.000002 -25.747702 5.987336 0.055766 0.124462 -1
0 -14.588218 -0.000001 5.98734 0.031334 0.513215 -1
0 -19.561684 -0.000001 5.98734 0.023005 0.513214 -1
0 -0.000002 -25.747702 5.987336 0.055766 0.124462 -1
0 -8.876467 -0.000001 5.98734 0.0409 0.513215 -1
0 -14.588218 -0.000001 5.98734 0.031334 0.513215 -1
0 -0.000002 -25.747702 5.987336 0.055766 0.124462 -1
0 -4.035462 -0.000001 5.98734 0.049007 0.513214 -1
0 -8.876467 -0.000001 5.98734 0.0409 0.513215 -1
0 -0.000002 -25.747702 5.987336 0.055766 0.124462 -1
0 25.670597 0.000001 -5.98732 0.098757 0.513213 -1
0 25.684299 0.000001 -5.98732 0.09878 0.513213 -1
0 25.684299 -0.063743 -5.98732 0.09878 0.512251 -1
0 25.670597 0.000001 -5.98732 0.098757 0.513213 -1
0 25.684299 -0.063743 -5.98732 0.09878 0.512251 -1
0 -0.000002 -25.747698 -5.987344 0.055766 0.124462 -1
0 19.561684 0.000001 -5.987324 0.088527 0.513214 -1
0 14.588218 0.000001 -5.987321 0.080197 0.513215 -1
0 19.561684 0.000001 -5.987324 0.088527 0.513214 -1
0 -0.000002 -25.747698 -5.987344 0.055766 0.124462 -1
0 8.876467 0.000001 -5.98733 0.070632 0.513215 -1
0 14.588218 0.000001 -5.987321 0.080197 0.513215 -1
0 -0.000002 -25.747698 -5.987344 0.055766 0.124462 -1
0 -4.035462 0.000001 -5.98734 0.049007 0.513214 -1
0 8.876467 0.000001 -5.98733 0.070632 0.513215 -1
0 -0.000002 -25.747698 -5.987344 0.055766 0.124462 -1
0 -26.7279 -0.000001 7.08225 0.011003 0.513213 -1
0 -26.7279 -0.496037 7.08225 0.011003 0.505724 -1
0 -25.684299 -0.063745 5.98734 0.012751 0.512251 -1
0 -25.696613 -0.000001 6.000258 0.01273 0.513213 -1
0 -26.7279 -0.496037 7.08225 0.011003 0.505724 -1
0 -0.000002 -27.426203 7.082236 0.055766 0.09912 -1
0 -0.000002 -25.747702 5.987336 0.055766 0.124462 -1
0 -0.000002 -25.747702 5.987336 0.055766 0.124462 -1
0 -25.684299 -0.063745 5.98734 0.012751 0.512251 -1
0 -26.7279 -0.496037 7.08225 0.011003 0.505724 -1
0 -0.000002 -27.426203 7.082236 0.055766 0.09912 -1
0 26.7279 -0.496037 7.08223 0.100529 0.505724 -1
0 25.684299 -0.063745 5.98732 0.09878 0.512251 -1
0 25.684299 -0.063745 5.98732 0.09878 0.512251 -1
0 -0.000002 -25.747702 5.987336 0.055766 0.124462 -1
0 -0.000002 -27.426203 7.082236 0.055766 0.09912 -1
0 25.684299 -0.000001 5.98732 0.09878 0.513213 -1
0 25.684299 -0.063745 5.98732 0.09878 0.512251 -1
0 26.7279 -0.496037 7.08223 0.100529 0.505724 -1
0 26.632084 -0.000001 6.981703 0.100368 0.513214 -1
0 -25.696613 0.000001 -6.000258 0.01273 0.513213 -1
0 -25.684299 0.000001 -5.98734 0.012751 0.513213 -1
0 -25.684299 -0.063743 -5.98734 0.012751 0.512251 -1
0 -0.000002 -25.747698 -5.987344 0.055766 0.124462 -1
0 -0.000002 -27.426199 -7.082244 0.055766 0.09912 -1
0 -26.7279 -0.496035 -7.08225 0.011003 0.505724 -1
0 -26.7279 -0.496035 -7.08225 0.011003 0.505724 -1
0 -25.684299 -0.063743 -5.98734 0.012751 0.512251 -1
0 -0.000002 -25.747698 -5.987344 0.055766 0.124462 -1
0 25.684299 -0.063743 -5.98732 0.09878 0.512251 -1
0 26.7279 -0.496035 -7.08223 0.100529 0.505724 -1
0 -0.000002 -27.426199 -7.082244 0.055766 0.09912 -1
0 -0.000002 -27.426199 -7.082244 0.055766 0.09912 -1
0 -0.000002 -25.747698 -5.987344 0.055766 0.124462 -1
0 25.684299 -0.063743 -5.98732 0.09878 0.512251 -1
0 26.632084 0.000001 -6.981703 0.100368 0.513214 -1
0 26.7279 0.000001 -7.08223 0.100529 0.513213 -1
0 26.7279 -0.496035 -7.08223 0.100529 0.505724 -1
0 26.7279 -0.496037 7.08223 0.100529 0.505724 -1
0 26.7279 -0.000001 7.08223 0.100529 0.513213 -1
0 26.632084 -0.000001 6.981703 0.100368 0.513214 -1
0 -0.000002 -25.747698 -5.987344 0.055766 0.124462 -1
0 -21.573175 0.000001 -5.98734 0.019636 0.513215 -1
0 -19.561684 0.000001 -5.98734 0.023005 0.513214 -1
0 -25.684299 -0.063743 -5.98734 0.012751 0.512251 -1
0 -26.7279 -0.496035 -7.08225 0.011003 0.505724 -1
0 -26.7279 0.000001 -7.08225 0.011003 0.513213 -1
0 -25.696613 0.000001 -6.000258 0.01273 0.513213 -1
0 -25.684299 -0.063745 5.98734 0.012751 0.512251 -1
0 -25.684299 -0.000001 5.98734 0.012751 0.513214 -1
0 -25.696613 -0.000001 6.000258 0.01273 0.513213 -1
0 -0.000002 -25.747698 -5.987344 0.055766 0.124462 -1
0 -8.876467 0.000001 -5.98734 0.0409 0.513215 -1
0 -4.035463 0.000001 -5.98734 0.049007 0.513214 -1
0 -0.000002 -25.747702 5.987336 0.055766 0.124462 -1
0 8.876467 -0.000001 5.98733 0.070632 0.513215 -1
0 -4.035463 -0.000001 5.98734 0.049007 0.513214 -1
0 -26.7279 -0.496037 7.08225 0.011003 0.505724 -1
0 -26.7279 -0.000001 7.08225 0.011003 0.513213 -1
0 -26.804556 -0.000001 7.08225 0.010874 0.513213 -1
0 -27.691299 -0.895074 7.08225 0.00939 0.499699 -1
0 -27.691299 -0.000001 7.08225 0.00939 0.513213 -1
0 -28.005983 -0.000001 6.256576 0.008863 0.513213 -1
0 -26.7279 -0.496035 -7.08225 0.011003 0.505724 -1
0 -27.691299 -0.895072 -7.08225 0.00939 0.499699 -1
0 -27.691299 0.000001 -7.08225 0.00939 0.513213 -1
0 -26.804556 0.000001 -7.08225 0.010874 0.513213 -1
0 -27.691299 -0.895072 -7.08225 0.00939 0.499699 -1
0 -30.420799 -2.02568 -0.079464 0.004818 0.482628 -1
0 -30.420799 0 -0.079464 0.004818 0.513213 -1
0 -28.005983 0.000001 -6.274899 0.008863 0.513213 -1
0 27.691299 -0.895074 7.08223 0.102142 0.499699 -1
0 27.691299 -0.000001 7.08223 0.102142 0.513213 -1
0 27.552975 -0.000001 7.08223 0.10191 0.513213 -1
0 -0.000002 -25.747698 -5.987344 0.055766 0.124462 -1
0 -14.588218 0.000001 -5.98734 0.031334 0.513215 -1
0 -8.876467 0.000001 -5.98734 0.0409 0.513215 -1
0 -0.000002 -25.747698 -5.987344 0.055766 0.124462 -1
0 -25.684299 -0.063743 -5.98734 0.012751 0.512251 -1
0 -25.684299 0.000001 -5.98734 0.012751 0.513214 -1
0 -21.573175 0.000001 -5.98734 0.019636 0.513215 -1
0 -0.000002 -25.747702 5.987336 0.055766 0.124462 -1
0 25.684299 -0.063745 5.98732 0.09878 0.512251 -1
0 25.670597 -0.000001 5.98732 0.098757 0.513213 -1
0 19.561684 -0.000001 5.987324 0.088527 0.513214 -1
0 25.684299 -0.063745 5.98732 0.09878 0.512251 -1
0 25.684299 -0.000001 5.98732 0.09878 0.513214 -1
0 25.670597 -0.000001 5.98732 0.098757 0.513213 -1
0 30.420799 -2.02568 0.041254 0.106713 0.482629 -1
0 27.691299 -0.895072 -7.08223 0.102142 0.499699 -1
0 27.691299 0.000001 -7.08223 0.102142 0.513213 -1
0 29.708624 0 -1.817393 0.10552 0.513214 -1
0 -0.000002 -25.747702 5.987336 0.055766 0.124462 -1
0 19.561684 -0.000001 5.987324 0.088527 0.513214 -1
0 14.588218 -0.000001 5.987321 0.080197 0.513215 -1
0 27.691299 -0.895072 -7.08223 0.102142 0.499699 -1
0 26.7279 -0.496035 -7.08223 0.100529 0.505724 -1
0 26.7279 0.000001 -7.08223 0.100529 0.513213 -1
0 27.552975 0.000001 -7.08223 0.10191 0.513213 -1
0 -0.000002 -25.747702 5.987336 0.055766 0.124462 -1
0 14.588218 -0.000001 5.987321 0.080197 0.513215 -1
0 8.876467 -0.000001 5.98733 0.070632 0.513215 -1
0 26.7279 -0.496035 -7.08223 0.100529 0.505724 -1
0 25.684299 -0.063743 -5.98732 0.09878 0.512251 -1
0 25.684299 0.000001 -5.98732 0.09878 0.513214 -1
0 26.632084 0.000001 -6.981703 0.100368 0.513214 -1
0 -0.000002 -25.747698 -5.987344 0.055766 0.124462 -1
0 -19.561684 0.000001 -5.98734 0.023005 0.513214 -1
0 -14.588218 0.000001 -5.98734 0.031334 0.513215 -1
0 30.420799 -2.02568 0.041254 0.106713 0.482629 -1
0 30.420799 0 0.041254 0.106713 0.513214 -1
0 29.708624 0 1.878373 0.10552 0.513214 -1
0 -27.691299 0.895072 7.08225 0.00939 0.499699 -1
0 -30.420799 2.02568 -0.079464 0.004818 0.482628 -1
0 -30.420799 2.02568 -0.079464 0.004818 0.482628 -1
0 -0.196788 28.389599 7.082255 0.055436 0.084574 -1
0 -1.3274 31.119101 -0.079459 0.053542 0.043363 -1
0 -0.196788 28.389599 7.082255 0.055436 0.084574 -1
0 -30.420799 2.02568 -0.079464 0.004818 0.482628 -1
0 -27.691299 0.895072 7.08225 0.00939 0.499699 -1
0 -1.3274 31.119101 -0.079459 0.053542 0.043363 -1
0 0.196783 28.389599 7.082235 0.056095 0.084574 -1
0 1.32739 31.119101 0.041264 0.057989 0.043363 -1
0 0.196783 28.389599 7.082235 0.056095 0.084574 -1
0 -1.3274 31.119101 -0.079459 0.053542 0.043363 -1
0 -0.196788 28.389599 7.082255 0.055436 0.084574 -1
0 1.32739 31.119101 0.041264 0.057989 0.043363 -1
0 27.691299 0.895072 7.08223 0.102142 0.499699 -1
0 30.420799 2.02568 0.041254 0.106713 0.482629 -1
0 27.691299 0.895072 7.08223 0.102142 0.499699 -1
0 1.32739 31.119101 0.041264 0.057989 0.043363 -1
0 0.196783 28.389599 7.082235 0.056095 0.084574 -1
0 30.420799 2.02568 0.041254 0.106713 0.482629 -1
0 27.691299 0.895072 7.08223 0.102142 0.499699 -1
0 -26.7279 0.496035 7.08225 0.011003 0.505724 -1
0 -27.691299 0.895072 7.08225 0.00939 0.499699 -1
0 -27.691299 0.895072 7.08225 0.00939 0.499699 -1
0 -0.000002 27.426199 7.082244 0.055766 0.09912 -1
0 -0.196788 28.389599 7.082255 0.055436 0.084574 -1
0 -0.196788 28.389599 7.082255 0.055436 0.084574 -1
0 -0.000002 27.426199 7.082244 0.055766 0.09912 -1
0 0.196783 28.389599 7.082235 0.056095 0.084574 -1
0 0.196783 28.389599 7.082235 0.056095 0.084574 -1
0 26.7279 0.496035 7.08223 0.100529 0.505724 -1
0 27.691299 0.895072 7.08223 0.102142 0.499699 -1
0 26.7279 0.496035 7.08223 0.100529 0.505724 -1
0 0.196783 28.389599 7.082235 0.056095 0.084574 -1
0 -0.000002 27.426199 7.082244 0.055766 0.09912 -1
0 27.691299 0.895072 7.08223 0.102142 0.499699 -1
0 26.7279 0.496035 7.08223 0.100529 0.505724 -1
0 -26.7279 0.496037 -7.08225 0.011003 0.505724 -1
0 -0.000002 27.426203 -7.082236 0.055766 0.09912 -1
0 -27.691299 0.895074 -7.08225 0.00939 0.499699 -1
0 -0.196788 28.389603 -7.082245 0.055436 0.084574 -1
0 -0.000002 27.426203 -7.082236 0.055766 0.09912 -1
0 -0.196788 28.389603 -7.082245 0.055436 0.084574 -1
0 0.196783 28.389603 -7.082225 0.056095 0.084574 -1
0 26.7279 0.496037 -7.08223 0.100529 0.505724 -1
0 0.196783 28.389603 -7.082225 0.056095 0.084574 -1
0 27.691299 0.895074 -7.08223 0.102142 0.499699 -1
0 0.196783 28.389603 -7.082225 0.056095 0.084574 -1
0 26.7279 0.496037 -7.08223 0.100529 0.505724 -1
0 -0.000002 27.426203 -7.082236 0.055766 0.09912 -1
0 27.691299 0.895074 -7.08223 0.102142 0.499699 -1
0 -27.691299 0.895074 -7.08225 0.00939 0.499699 -1
0 -1.3274 31.119101 -0.079459 0.053542 0.043363 -1
0 -0.196788 28.389603 -7.082245 0.055436 0.084574 -1
0 -30.420799 2.02568 -0.079464 0.004818 0.482628 -1
0 -0.196788 28.389603 -7.082245 0.055436 0.084574 -1
0 -27.691299 0.895074 -7.08225 0.00939 0.499699 -1
0 -30.420799 2.02568 -0.079464 0.004818 0.482628 -1
0 -0.196788 28.389603 -7.082245 0.055436 0.084574 -1
0 -1.3274 31.119101 -0.079459 0.053542 0.043363 -1
0 0.196783 28.389603 -7.082225 0.056095 0.084574 -1
0 -1.3274 31.119101 -0.079459 0.053542 0.043363 -1
0 1.32739 31.119101 0.041264 0.057989 0.043363 -1
0 0.196783 28.389603 -7.082225 0.056095 0.084574 -1
0 1.32739 31.119101 0.041264 0.057989 0.043363 -1
0 27.691299 0.895074 -7.08223 0.102142 0.499699 -1
0 0.196783 28.389603 -7.082225 0.056095 0.084574 -1
0 27.691299 0.895074 -7.08223 0.102142 0.499699 -1
0 1.32739 31.119101 0.041264 0.057989 0.043363 -1
0 30.420799 2.02568 0.041254 0.106713 0.482629 -1
0 30.420799 2.02568 0.041254 0.106713 0.482629 -1
0 -0.000002 27.426199 7.082244 0.055766 0.09912 -1
0 -27.691299 0.895072 7.08225 0.00939 0.499699 -1
0 -26.7279 0.496035 7.08225 0.011003 0.505724 -1
0 -27.691299 0.895074 -7.08225 0.00939 0.499699 -1
0 -0.000002 27.426203 -7.082236 0.055766 0.09912 -1
0 -26.7279 0.496037 -7.08225 0.011003 0.505724 -1
0 -0.000002 25.747698 5.987344 0.055766 0.124462 -1
0 -25.684299 0.063743 5.98734 0.012751 0.512251 -1
0 -0.000002 25.747698 5.987344 0.055766 0.124462 -1
0 -0.000002 25.747698 5.987344 0.055766 0.124462 -1
0 -0.000002 25.747698 5.987344 0.055766 0.124462 -1
0 -0.000002 25.747698 5.987344 0.055766 0.124462 -1
0 25.684299 0.063745 -5.98732 0.09878 0.512251 -1
0 -0.000002 25.747702 -5.987336 0.055766 0.124462 -1
0 25.684299 0.063745 -5.98732 0.09878 0.512251 -1
0 -0.000002 25.747702 -5.987336 0.055766 0.124462 -1
0 -0.000002 25.747702 -5.987336 0.055766 0.124462 -1
0 -0.000002 25.747702 -5.987336 0.055766 0.124462 -1
0 -25.684299 0.063743 5.98734 0.012751 0.512251 -1
0 -26.7279 0.496035 7.08225 0.011003 0.505724 -1
0 -26.7279 0.496035 7.08225 0.011003 0.505724 -1
0 -0.000002 25.747698 5.987344 0.055766 0.124462 -1
0 -0.000002 27.426199 7.082244 0.055766 0.09912 -1
0 -0.000002 25.747698 5.987344 0.055766 0.124462 -1
0 -26.7279 0.496035 7.08225 0.011003 0.505724 -1
0 -25.684299 0.063743 5.98734 0.012751 0.512251 -1
0 -0.000002 27.426199 7.082244 0.055766 0.09912 -1
0 25.684299 0.063743 5.98732 0.09878 0.512251 -1
0 26.7279 0.496035 7.08223 0.100529 0.505724 -1
0 25.684299 0.063743 5.98732 0.09878 0.512251 -1
0 -0.000002 27.426199 7.082244 0.055766 0.09912 -1
0 -0.000002 25.747698 5.987344 0.055766 0.124462 -1
0 26.7279 0.496035 7.08223 0.100529 0.505724 -1
0 25.684299 0.063743 5.98732 0.09878 0.512251 -1
0 -25.684299 0.063745 -5.98734 0.012751 0.512251 -1
0 -0.000002 25.747702 -5.987336 0.055766 0.124462 -1
0 -26.7279 0.496037 -7.08225 0.011003 0.505724 -1
0 -0.000002 27.426203 -7.082236 0.055766 0.09912 -1
0 -26.7279 0.496037 -7.08225 0.011003 0.505724 -1
0 -0.000002 25.747702 -5.987336 0.055766 0.124462 -1
0 -25.684299 0.063745 -5.98734 0.012751 0.512251 -1
0 25.684299 0.063745 -5.98732 0.09878 0.512251 -1
0 -0.000002 27.426203 -7.082236 0.055766 0.09912 -1
0 26.7279 0.496037 -7.08223 0.100529 0.505724 -1
0 -0.000002 27.426203 -7.082236 0.055766 0.09912 -1
0 25.684299 0.063745 -5.98732 0.09878 0.512251 -1
0 -0.000002 25.747702 -5.987336 0.055766 0.124462 -1
0 26.7279 0.496037 -7.08223 0.100529 0.505724 -1
0 26.7279 0.496035 7.08223 0.100529 0.505724 -1
0 -0.000002 25.747702 -5.987336 0.055766 0.124462 -1
0 -25.684299 0.063745 -5.98734 0.012751 0.512251 -1
0 -26.7279 0.496037 -7.08225 0.011003 0.505724 -1
0 -25.684299 0.063743 5.98734 0.012751 0.512251 -1
0 -0.000002 25.747702 -5.987336 0.055766 0.124462 -1
0 -0.000002 25.747698 5.987344 0.055766 0.124462 -1
0 -26.7279 0.496035 7.08225 0.011003 0.505724 -1
0 -27.691299 0.895072 7.08225 0.00939 0.499699 -1
0 -26.7279 0.496037 -7.08225 0.011003 0.505724 -1
0 -27.691299 0.895074 -7.08225 0.00939 0.499699 -1
0 -27.691299 0.895074 -7.08225 0.00939 0.499699 -1
0 -30.420799 2.02568 -0.079464 0.004818 0.482628 -1
0 27.691299 0.895072 7.08223 0.102142 0.499699 -1
0 -0.000002 25.747702 -5.987336 0.055766 0.124462 -1
0 -0.000002 25.747702 -5.987336 0.055766 0.124462 -1
0 -25.684299 0.063745 -5.98734 0.012751 0.512251 -1
0 -0.000002 25.747698 5.987344 0.055766 0.124462 -1
0 25.684299 0.063743 5.98732 0.09878 0.512251 -1
0 25.684299 0.063743 5.98732 0.09878 0.512251 -1
0 30.420799 2.02568 0.041254 0.106713 0.482629 -1
0 27.691299 0.895074 -7.08223 0.102142 0.499699 -1
0 -0.000002 25.747698 5.987344 0.055766 0.124462 -1
0 27.691299 0.895074 -7.08223 0.102142 0.499699 -1
0 26.7279 0.496037 -7.08223 0.100529 0.505724 -1
0 -0.000002 25.747698 5.987344 0.055766 0.124462 -1
0 26.7279 0.496037 -7.08223 0.100529 0.505724 -1
0 25.684299 0.063745 -5.98732 0.09878 0.512251 -1
0 -0.000002 25.747702 -5.987336 0.055766 0.124462 -1
0 30.420799 2.02568 0.041254 0.106713 0.482629 -1
98
0 1 0
0 0 1
-1 0 0
0 -1 0
1 0 0
0 0 -1
-0.9344 0 0.3561
-0.6607 -0.6607 0.3561
-0.0081 -0.9338 0.3576
-0.0163 -0.9331 0.3591
-0.0082 -0.9338 0.3576
0 -0.9344 0.3561
0.6593 -0.6593 0.3615
0.9324 0 0.3615
0 0 1
0.0001 0 1
0 0 -1
-0.326 -0.5565 -0.7643
-0.5201 -0.1358 -0.8432
0.0001 0 -1
0.1396 -0.521 -0.8421
-0.3259 -0.5565 -0.7643
0.4659 -0.2729 -0.8417
0.1397 -0.521 -0.8421
-0.5399 0 -0.8417
0.5399 0 -0.8417
-0.9591 0 0.2831
-0.4431 0 -0.8965
-0.5201 -0.1359 -0.8432
-0.2277 -0.8944 -0.385
-0.7961 -0.4663 -0.3856
-0.5201 -0.1359 -0.8433
-0.326 -0.5564 -0.7643
-0.2277 -0.8944 -0.3851
0.472 -0.7956 -0.3798
0.1396 -0.5209 -0.8421
0.895 -0.2338 -0.38
0.8228 0 -0.5684
0.992 0 0.126
0.8949 -0.2338 -0.38
-0.5201 -0.1358 -0.8433
0.7239 0 0.6899
0.4822 0.4786 0.7337
0.5118 0.5119 0.6899
-0.5134 0.5095 0.6905
-0.4794 0.4795 0.735
-0.7239 0 0.6899
0.7239 0 -0.69
0.4822 0.4786 -0.7337
0.5118 0.5119 -0.6899
-0.5134 0.5095 -0.6905
-0.4795 0.4795 -0.735
-0.7239 0 -0.6899
0.7239 0 -0.6899
0.7239 0 0.69
-0.5375 0 -0.8433
0.5375 0 -0.8433
-0.7961 -0.4664 -0.3856
-0.9929 0 0.1192
-0.8198 0 -0.5726
0.4658 -0.2729 -0.8417
0.4453 0 -0.8954
0.9566 0 0.2915
0.9324 0 0.3614
-0.6607 0.6607 0.3561
-0.0081 0.9338 0.3576
-0.0163 0.9331 0.3591
-0.0082 0.9338 0.3576
0 0.9344 0.3561
0.6593 0.6593 0.3615
-0.5201 0.1358 -0.8432
-0.326 0.5565 -0.7643
-0.3259 0.5565 -0.7643
0.1396 0.521 -0.8421
0.4659 0.2729 -0.8417
0.1397 0.521 -0.8421
-0.5201 0.1359 -0.8432
-0.2277 0.8944 -0.385
-0.7961 0.4663 -0.3856
-0.5201 0.1359 -0.8433
-0.326 0.5564 -0.7643
-0.2277 0.8944 -0.3851
0.472 0.7956 -0.3798
0.1396 0.5209 -0.8421
0.895 0.2338 -0.38
0.8949 0.2338 -0.38
0.4822 -0.4786 0.7337
0.5118 -0.5119 0.6899
-0.5134 -0.5095 0.6905
-0.4794 -0.4795 0.735
0.4822 -0.4786 -0.7337
0.5118 -0.5119 -0.6899
-0.5134 -0.5095 -0.6905
-0.4795 -0.4795 -0.735
0.7238 0 0.69
-0.5201 0.1358 -0.8433
-0.7961 0.4664 -0.3856
0.4658 0.2729 -0.8417
180
0 24 25 26 6 6 6 1
0 24 26 27 6 6 6 1
0 28 29 30 7 7 7 1
0 31 32 33 7 7 7 1
0 34 35 36 8 9 8 1
0 37 38 39 10 11 10 1
0 40 41 42 12 12 12 1
0 43 44 45 12 12 12 1
0 46 47 48 13 13 13 1
0 46 48 49 13 13 13 1
0 50 51 52 14 14 14 1
0 50 52 53 14 14 14 1
0 54 55 56 14 14 14 1
0 57 58 59 15 15 15 1
0 60 61 62 14 14 14 1
0 63 64 65 14 14 14 1
0 66 67 68 14 14 14 1
0 66 68 69 14 14 14 1
0 70 71 72 16 16 16 1
0 73 74 75 16 17 18 1
0 76 77 78 19 20 21 1
0 79 80 81 16 22 20 1
0 82 83 84 23 16 16 1
0 85 86 87 24 25 22 1
0 88 89 90 26 27 28 1
0 91 92 93 29 30 21 1
0 94 95 96 21 30 31 1
0 97 98 99 32 23 33 1
0 100 101 102 29 23 34 1
0 103 104 105 34 35 22 1
0 106 107 108 22 36 34 1
0 109 110 111 37 38 39 1
0 112 113 114 14 14 14 1
0 115 116 117 40 16 16 1
0 118 119 120 14 14 14 1
0 118 120 121 14 14 14 1
0 122 123 124 14 14 14 1
0 125 126 127 14 14 14 1
0 128 129 130 14 14 14 1
0 131 132 133 14 14 14 1
0 134 135 136 16 16 16 1
0 137 138 139 16 16 16 1
0 137 139 140 16 16 16 1
0 141 142 143 16 16 16 1
0 144 145 146 16 16 16 1
0 147 148 149 16 16 16 1
0 150 151 152 41 41 41 1
0 150 152 153 41 41 41 1
0 154 155 156 42 42 42 1
0 157 158 159 43 43 43 1
0 160 161 162 44 44 44 1
0 163 164 165 45 45 45 1
0 166 167 168 46 46 46 1
0 166 168 169 46 46 46 1
0 170 171 172 47 47 47 1
0 173 174 175 48 48 48 1
0 176 177 178 49 49 49 1
0 179 180 181 50 50 50 1
0 182 183 184 51 51 51 1
0 185 186 187 52 52 52 1
0 188 189 190 46 46 46 1
0 191 192 193 16 16 16 1
0 194 195 196 53 53 53 1
0 194 196 197 53 53 53 1
0 198 199 200 41 54 54 1
0 201 202 203 16 16 16 1
0 204 205 206 14 14 14 1
0 207 208 209 14 14 14 1
0 210 211 212 6 6 6 1
0 213 214 215 16 40 55 1
0 213 215 216 16 55 56 1
0 217 218 219 28 57 58 1
0 217 219 220 28 58 59 1
0 221 222 223 14 14 14 1
0 224 225 226 16 16 16 1
0 227 228 229 16 16 16 1
0 227 229 230 16 16 16 1
0 231 232 233 14 14 14 1
0 231 233 234 14 14 14 1
0 235 236 237 14 14 14 1
0 238 239 240 39 60 61 1
0 238 240 241 39 61 62 1
0 242 243 244 14 14 14 1
0 245 246 247 60 16 16 1
0 245 247 248 60 16 16 1
0 249 250 251 14 14 14 1
0 252 253 254 52 52 52 1
0 252 254 255 52 52 52 1
0 256 257 258 16 16 16 1
0 259 260 261 63 63 63 1
0 24 27 262 6 6 6 1
0 24 262 263 6 6 6 1
0 264 265 266 64 64 64 1
0 267 268 269 64 64 64 1
0 270 271 272 65 65 66 1
0 273 274 275 67 67 68 1
0 276 277 278 69 69 69 1
0 279 280 281 69 69 69 1
0 46 49 282 13 13 13 1
0 46 282 283 13 13 13 1
0 50 53 284 14 14 14 1
0 50 284 285 14 14 14 1
0 286 287 288 14 14 14 1
0 289 290 291 15 15 15 1
0 292 293 294 14 14 14 1
0 295 296 297 14 14 14 1
0 66 69 298 14 14 14 1
0 66 298 299 14 14 14 1
0 70 300 71 16 16 16 1
0 301 302 303 16 70 71 1
0 304 305 306 19 72 73 1
0 307 308 309 16 73 74 1
0 310 311 312 75 16 16 1
0 85 313 86 24 74 25 1
0 88 314 89 26 76 27 1
0 315 316 317 77 72 78 1
0 318 319 320 72 79 78 1
0 321 322 323 80 81 75 1
0 324 325 326 77 82 75 1
0 327 328 329 82 74 83 1
0 330 331 332 74 82 84 1
0 109 333 110 37 85 38 1
0 334 335 336 14 14 14 1
0 337 338 339 70 16 16 1
0 118 121 340 14 14 14 1
0 118 340 341 14 14 14 1
0 122 342 123 14 14 14 1
0 125 343 126 14 14 14 1
0 128 344 129 14 14 14 1
0 131 345 132 14 14 14 1
0 134 346 135 16 16 16 1
0 137 140 347 16 16 16 1
0 137 347 348 16 16 16 1
0 141 349 142 16 16 16 1
0 144 350 145 16 16 16 1
0 147 351 148 16 16 16 1
0 150 153 352 41 41 41 1
0 150 352 353 41 41 41 1
0 354 355 356 86 86 86 1
0 357 358 359 87 87 87 1
0 360 361 362 88 88 88 1
0 363 364 365 89 89 89 1
0 166 169 366 46 46 46 1
0 166 366 367 46 46 46 1
0 170 368 171 47 47 47 1
0 369 370 371 90 90 90 1
0 372 373 374 91 91 91 1
0 375 376 377 92 92 92 1
0 378 379 380 93 93 93 1
0 185 381 186 52 52 52 1
0 382 190 189 46 46 46 1
0 383 193 192 16 16 16 1
0 384 197 196 53 53 53 1
0 384 196 385 53 53 53 1
0 386 200 199 94 54 54 1
0 387 203 202 16 16 16 1
0 388 206 205 14 14 14 1
0 389 209 208 14 14 14 1
0 390 212 211 6 6 6 1
0 391 216 215 16 56 55 1
0 391 215 392 16 55 95 1
0 393 220 219 76 59 58 1
0 393 219 394 76 58 96 1
0 395 223 222 14 14 14 1
0 396 226 225 16 16 16 1
0 397 230 229 16 16 16 1
0 397 229 398 16 16 16 1
0 399 234 233 14 14 14 1
0 399 233 400 14 14 14 1
0 401 237 236 14 14 14 1
0 402 241 240 85 62 61 1
0 402 240 403 85 61 97 1
0 404 244 243 14 14 14 1
0 405 248 247 97 16 16 1
0 405 247 406 97 16 16 1
0 407 251 250 14 14 14 1
0 408 255 254 52 52 52 1
0 408 254 409 52 52 52 1
0 410 258 257 16 16 16 1
0 411 261 260 63 63 63 1