// MilkShape 3D ASCII

Frames: 30
Frame: 1

Meshes: 2
"cell" 0 0
98
0 -30.420797 6.868588 -0.079464 0.004818 0.383080 -1
0 -30.420797 -2.025684 -0.079464 0.004818 0.517372 -1
0 -27.691269 -0.895073 7.082249 0.009390 0.500301 -1
0 -27.691269 5.737982 7.082249 0.009390 0.400151 -1
0 -1.327397 -31.119095 -0.079464 0.053542 0.956637 -1
0 -0.196788 -28.389561 7.082249 0.055436 0.915426 -1
0 1.327392 -31.119095 0.041259 0.057989 0.956637 -1
0 0.196783 -28.389561 7.082235 0.056095 0.915426 -1
0 30.420797 -2.025682 0.041254 0.106713 0.517371 -1
0 27.691265 -0.895073 7.082229 0.102142 0.500301 -1
0 30.420797 6.868588 0.041254 0.106713 0.383080 -1
0 27.691265 5.737982 7.082229 0.102142 0.400151 -1
0 26.285334 11.004057 0.041254 0.099787 0.320641 -1
0 25.154722 8.274528 7.082229 0.097894 0.361853 -1
0 18.430971 11.004057 -0.079476 0.086633 0.320641 -1
0 19.561579 8.274528 7.082231 0.088527 0.361853 -1
0 13.231402 5.804488 -0.079476 0.077925 0.399147 -1
0 14.362010 3.074957 7.082231 0.079819 0.440358 -1
0 9.622518 7.388548 -0.079476 0.071881 0.375230 -1
0 9.622518 23.507215 -0.079476 0.071881 0.131862 -1
0 6.892985 22.376606 7.082235 0.067310 0.148933 -1
0 6.892985 6.257938 7.082235 0.067310 0.392300 -1
0 3.407219 29.722509 -0.079474 0.061472 0.038020 -1
0 2.276611 26.992979 7.082235 0.059579 0.079232 -1
0 -3.407224 29.722509 -0.079464 0.050059 0.038020 -1
0 -2.276616 26.992979 7.082244 0.051953 0.079232 -1
0 -9.622521 23.507215 -0.079464 0.039650 0.131862 -1
0 -6.892990 22.376606 7.082244 0.044221 0.148933 -1
0 -13.231403 5.804488 -0.079464 0.033606 0.399147 -1
0 -18.430971 11.004057 -0.079464 0.024898 0.320641 -1
0 -19.561583 8.274528 7.082249 0.023005 0.361853 -1
0 -14.362014 3.074957 7.082249 0.031713 0.440358 -1
0 -26.285334 11.004057 -0.079464 0.011744 0.320641 -1
0 -25.154726 8.274528 7.082249 0.013638 0.361853 -1
0 11.206574 5.804488 -0.079476 0.074534 0.399147 -1
0 10.075966 3.074957 7.082235 0.072640 0.440358 -1
0 -11.206580 5.804488 -0.079464 0.036997 0.399147 -1
0 -10.075972 3.074957 7.082244 0.038891 0.440358 -1
0 -9.622521 7.388548 -0.079464 0.039650 0.375230 -1
0 -6.892990 6.257938 7.082244 0.044221 0.392300 -1
0 -26.727907 -0.496036 7.082249 0.011003 0.494276 -1
0 -26.727907 5.338943 7.082249 0.011003 0.406176 -1
0 -0.000002 -27.426201 7.082244 0.055766 0.900880 -1
0 26.727903 -0.496036 7.082229 0.100529 0.494276 -1
0 26.727903 5.338943 7.082229 0.100529 0.406176 -1
0 24.755682 7.311162 7.082229 0.097226 0.376398 -1
0 19.960621 7.311162 7.082231 0.089195 0.376398 -1
0 14.761046 2.111592 7.082231 0.080487 0.454904 -1
0 5.929621 21.977570 7.082235 0.065697 0.154958 -1
0 5.929621 5.858900 7.082235 0.065697 0.398325 -1
0 1.877573 26.029613 7.082235 0.058910 0.093778 -1
0 -1.877577 26.029613 7.082244 0.052621 0.093778 -1
0 -5.929624 21.977570 7.082244 0.045835 0.154958 -1
0 -19.960625 7.311162 7.082249 0.022336 0.376398 -1
0 -14.761053 2.111592 7.082249 0.031044 0.454904 -1
0 -24.755686 7.311162 7.082249 0.014306 0.376398 -1
0 9.676929 2.111592 7.082235 0.071972 0.454904 -1
0 -9.676931 2.111592 7.082244 0.039559 0.454904 -1
0 -5.929624 5.858900 7.082244 0.045835 0.398325 -1
0 -26.727907 -0.496036 -7.082249 0.011003 0.494276 -1
0 -27.691269 -0.895073 -7.082249 0.009390 0.500301 -1
0 -27.691269 5.737982 -7.082249 0.009390 0.400151 -1
0 -26.727907 5.338943 -7.082249 0.011003 0.406176 -1
0 -0.000002 -27.426201 -7.082244 0.055766 0.900880 -1
0 -0.196788 -28.389561 -7.082249 0.055436 0.915426 -1
0 0.196783 -28.389561 -7.082235 0.056095 0.915426 -1
0 26.727903 -0.496036 -7.082229 0.100529 0.494276 -1
0 27.691265 -0.895073 -7.082229 0.102142 0.500301 -1
0 26.727903 5.338943 -7.082229 0.100529 0.406176 -1
0 27.691265 5.737982 -7.082229 0.102142 0.400151 -1
0 24.755682 7.311162 -7.082229 0.097226 0.376398 -1
0 25.154722 8.274528 -7.082229 0.097894 0.361853 -1
0 19.960621 7.311162 -7.082231 0.089195 0.376398 -1
0 19.561579 8.274528 -7.082231 0.088527 0.361853 -1
0 14.761046 2.111592 -7.082231 0.080487 0.454904 -1
0 14.362010 3.074957 -7.082231 0.079819 0.440358 -1
0 5.929621 21.977570 -7.082235 0.065697 0.154958 -1
0 6.892985 22.376606 -7.082235 0.067310 0.148933 -1
0 6.892985 6.257938 -7.082235 0.067310 0.392300 -1
0 5.929621 5.858900 -7.082235 0.065697 0.398325 -1
0 1.877573 26.029613 -7.082235 0.058910 0.093778 -1
0 2.276611 26.992979 -7.082235 0.059579 0.079232 -1
0 -1.877577 26.029613 -7.082244 0.052621 0.093778 -1
0 -2.276616 26.992979 -7.082244 0.051953 0.079232 -1
0 -5.929624 21.977570 -7.082244 0.045835 0.154958 -1
0 -6.892990 22.376606 -7.082244 0.044221 0.148933 -1
0 -19.960625 7.311162 -7.082249 0.022336 0.376398 -1
0 -19.561583 8.274528 -7.082249 0.023005 0.361853 -1
0 -14.362014 3.074957 -7.082249 0.031713 0.440358 -1
0 -14.761053 2.111592 -7.082249 0.031044 0.454904 -1
0 -24.755686 7.311162 -7.082249 0.014306 0.376398 -1
0 -25.154726 8.274528 -7.082249 0.013638 0.361853 -1
0 10.075966 3.074957 -7.082235 0.072640 0.440358 -1
0 9.676929 2.111592 -7.082235 0.071972 0.454904 -1
0 -10.075972 3.074957 -7.082244 0.038891 0.440358 -1
0 -9.676931 2.111592 -7.082244 0.039559 0.454904 -1
0 -5.929624 5.858900 -7.082244 0.045835 0.398325 -1
0 -6.892990 6.257938 -7.082244 0.044221 0.392300 -1
122
-0.934433 0.000000 0.356139
-0.660744 -0.660744 0.356139
-0.660744 -0.660744 0.356139
-0.660744 -0.660744 0.356139
-0.008159 -0.933823 0.357644
-0.016331 -0.933147 0.359125
0.000013 -0.934434 0.356137
0.659299 -0.659299 0.361454
0.659299 -0.659299 0.361454
0.659299 -0.659299 0.361454
0.932390 0.000000 0.361454
0.659300 0.659299 0.361454
0.659300 0.659299 0.361454
-0.002743 0.933267 0.359174
-0.005486 0.934130 0.356890
0.000000 0.932390 0.361454
-0.660744 0.660744 0.356139
-0.660744 0.660744 0.356139
-0.660744 0.660744 0.356139
0.934433 0.000000 0.356139
0.660744 0.660744 0.356139
0.660744 0.660744 0.356139
0.660744 0.660744 0.356139
0.000001 0.934433 0.356139
0.000001 0.934433 0.356139
0.000001 0.934433 0.356139
-0.660744 0.660744 0.356139
-0.660744 0.660744 0.356139
-0.660744 0.660744 0.356139
0.660744 0.660744 0.356139
0.660744 0.660744 0.356139
0.660744 0.660744 0.356139
0.000000 0.934433 0.356139
0.000000 0.934433 0.356139
-0.660744 0.660744 0.356138
-0.660744 0.660744 0.356138
-0.660744 0.660744 0.356139
0.660744 0.660744 0.356139
0.660744 0.660743 0.356139
0.660744 0.660744 0.356139
0.000000 0.934433 0.356139
0.000000 0.934433 0.356139
0.000000 0.934433 0.356139
0.000000 0.934433 0.356139
0.000000 0.934433 0.356139
0.000000 0.934433 0.356139
-0.934433 0.000000 0.356139
-0.660744 0.660744 0.356139
-0.660744 0.660744 0.356139
-0.660744 0.660744 0.356139
0.000000 0.000000 1.000000
0.000002 0.000001 1.000000
0.000000 -0.000000 1.000000
0.000020 0.000001 1.000000
0.000012 -0.000001 1.000000
0.000015 -0.000003 1.000000
0.000000 0.000000 1.000000
0.000003 -0.000003 1.000000
0.000000 -0.000000 1.000000
0.000000 -0.000000 1.000000
0.000000 0.000000 1.000000
0.000001 -0.000000 1.000000
0.000000 0.000000 1.000000
0.000001 -0.000000 1.000000
0.000001 -0.000000 1.000000
0.000001 0.000000 1.000000
0.000000 -0.000000 1.000000
0.000001 -0.000000 1.000000
0.000000 -0.000000 1.000000
0.000000 0.000000 1.000000
0.000000 -0.000000 -1.000000
-0.520085 -0.135848 -0.843242
-0.463816 0.271697 -0.843241
0.000000 0.000000 -1.000000
0.000012 -0.000001 -1.000000
-0.325948 -0.556450 -0.764278
0.139635 -0.520974 -0.842074
0.000003 -0.000003 -1.000000
0.465848 -0.272887 -0.841735
0.522365 0.136444 -0.841735
0.000000 -0.000000 -1.000000
0.272888 0.465848 -0.841735
0.000000 -0.000000 -1.000000
-0.134831 0.521078 -0.842792
0.000000 0.000000 -1.000000
-0.271696 0.463815 -0.843242
0.520085 0.135848 -0.843242
0.463815 0.271696 -0.843242
0.000001 -0.000000 -1.000000
0.271697 0.463815 -0.843241
0.000001 -0.000000 -1.000000
-0.135848 0.520086 -0.843242
-0.463815 0.271697 -0.843241
0.271697 0.463815 -0.843241
0.135849 0.520086 -0.843241
0.000001 -0.000000 -1.000000
-0.135849 0.520086 -0.843241
0.135849 0.520085 -0.843242
0.000001 -0.000000 -1.000000
-0.271696 0.463815 -0.843242
0.000000 0.000000 -1.000000
-0.520086 0.135848 -0.843241
0.233180 0.892712 -0.385607
-0.466360 0.796126 -0.385607
-0.892712 0.233180 -0.385607
-0.796126 0.466360 -0.385607
-0.233180 0.892712 -0.385607
0.466360 0.796126 -0.385607
0.233180 0.892712 -0.385606
-0.466360 0.796126 -0.385606
-0.892712 0.233180 -0.385606
-0.796126 -0.466360 -0.385607
-0.227705 -0.894367 -0.385042
0.472032 -0.795589 -0.379768
0.894950 -0.233764 -0.380024
0.798122 0.467529 -0.380024
0.235615 0.893859 -0.381447
-0.464827 0.796980 -0.385693
-0.233180 0.892711 -0.385608
0.466360 0.796125 -0.385608
0.892712 0.233179 -0.385608
0.796125 0.466360 -0.385608
159
0 0 1 2 0 0 0 1
0 2 3 0 0 0 0 1
0 1 4 5 1 2 1 1
0 5 2 1 1 3 1 1
0 4 6 7 4 5 4 1
0 7 5 4 4 6 4 1
0 6 8 9 7 8 7 1
0 9 7 6 7 9 7 1
0 8 10 11 10 10 10 1
0 11 9 8 10 10 10 1
0 10 12 13 11 11 11 1
0 13 11 10 11 12 11 1
0 12 14 15 13 14 13 1
0 15 13 12 13 15 13 1
0 14 16 17 16 17 16 1
0 17 15 14 16 18 16 1
0 18 19 20 19 19 19 1
0 20 21 18 19 19 19 1
0 19 22 23 20 21 20 1
0 23 20 19 20 22 20 1
0 22 24 25 23 24 23 1
0 25 23 22 23 25 23 1
0 24 26 27 26 27 26 1
0 27 25 24 26 28 26 1
0 28 29 30 29 30 29 1
0 30 31 28 29 31 29 1
0 29 32 33 32 33 32 1
0 33 30 29 32 32 32 1
0 32 0 3 34 35 34 1
0 3 33 32 34 36 34 1
0 34 18 21 37 38 37 1
0 21 35 34 37 39 37 1
0 36 28 31 40 41 40 1
0 31 37 36 40 42 40 1
0 16 34 35 43 44 43 1
0 35 17 16 43 45 43 1
0 26 38 39 46 46 46 1
0 39 27 26 46 46 46 1
0 38 36 37 47 48 47 1
0 37 39 38 47 49 47 1
0 3 2 40 50 51 52 1
0 40 41 3 52 50 50 1
0 2 5 42 51 53 54 1
0 5 7 42 53 55 54 1
0 7 9 43 55 56 57 1
0 43 42 7 57 54 55 1
0 9 11 44 56 50 50 1
0 44 43 9 50 57 56 1
0 11 13 45 50 58 59 1
0 45 44 11 59 50 50 1
0 13 15 46 58 60 58 1
0 46 45 13 58 59 58 1
0 15 17 47 60 61 62 1
0 47 46 15 62 58 60 1
0 21 20 48 50 50 50 1
0 48 49 21 50 50 50 1
0 20 23 50 50 63 64 1
0 50 48 20 64 50 50 1
0 23 25 51 63 65 63 1
0 51 50 23 63 64 63 1
0 25 27 52 65 50 50 1
0 52 51 25 50 63 65 1
0 31 30 53 66 50 50 1
0 53 54 31 50 67 66 1
0 30 33 55 50 50 50 1
0 55 53 30 50 50 50 1
0 33 3 41 50 50 50 1
0 41 55 33 50 50 50 1
0 35 21 49 68 50 50 1
0 49 56 35 50 61 68 1
0 37 31 54 67 66 67 1
0 54 57 37 67 69 67 1
0 17 35 56 61 68 61 1
0 56 47 17 61 62 61 1
0 27 39 58 50 50 50 1
0 58 52 27 50 50 50 1
0 39 37 57 50 67 69 1
0 57 58 39 69 50 50 1
0 59 60 61 70 71 72 1
0 61 62 59 72 73 70 1
0 63 64 60 74 75 71 1
0 63 65 64 74 76 75 1
0 66 67 65 77 78 76 1
0 65 63 66 76 74 77 1
0 68 69 67 73 79 78 1
0 67 66 68 78 77 73 1
0 70 71 69 80 81 79 1
0 69 68 70 79 73 80 1
0 72 73 71 82 83 81 1
0 71 70 72 81 80 82 1
0 74 75 73 84 85 83 1
0 73 72 74 83 82 84 1
0 76 77 78 73 86 87 1
0 78 79 76 87 73 73 1
0 80 81 77 88 89 86 1
0 77 76 80 86 73 88 1
0 82 83 81 90 91 89 1
0 81 80 82 89 88 90 1
0 84 85 83 73 92 91 1
0 83 82 84 91 90 73 1
0 86 87 88 73 93 94 1
0 88 89 86 94 95 73 1
0 90 91 87 73 96 93 1
0 87 86 90 93 73 73 1
0 62 61 91 73 72 96 1
0 91 90 62 96 73 73 1
0 79 78 92 73 87 97 1
0 92 93 79 97 98 73 1
0 89 88 94 95 94 99 1
0 94 95 89 99 100 95 1
0 93 92 75 98 97 85 1
0 75 74 93 85 84 98 1
0 96 97 85 73 101 92 1
0 85 84 96 92 73 73 1
0 95 94 97 100 99 101 1
0 97 96 95 101 73 100 1
0 81 83 22 89 91 102 1
0 22 83 24 102 91 103 1
0 83 85 24 91 92 103 1
0 24 85 26 103 92 104 1
0 85 97 97 92 101 101 1
0 38 26 97 105 104 101 1
0 97 26 85 101 104 92 1
0 97 94 38 101 99 105 1
0 38 94 36 105 99 106 1
0 36 94 88 106 99 94 1
0 88 28 36 94 107 106 1
0 88 87 28 94 93 107 1
0 28 87 29 107 93 108 1
0 29 87 91 108 93 96 1
0 91 32 29 96 109 108 1
0 32 91 61 109 96 72 1
0 61 0 32 72 110 109 1
0 0 61 60 110 72 71 1
0 60 1 0 71 111 110 1
0 4 1 64 112 111 75 1
0 64 1 60 75 111 71 1
0 64 65 4 75 76 112 1
0 4 65 6 112 76 113 1
0 6 65 67 113 76 78 1
0 67 8 6 78 114 113 1
0 8 67 69 114 78 79 1
0 69 10 8 79 115 114 1
0 10 69 71 115 79 81 1
0 10 71 12 115 81 116 1
0 71 73 12 81 83 116 1
0 12 73 14 116 83 117 1
0 14 73 75 117 83 85 1
0 75 16 14 85 118 117 1
0 16 75 92 118 85 97 1
0 92 34 16 97 119 118 1
0 78 34 92 87 119 97 1
0 34 78 18 119 87 120 1
0 18 78 77 120 87 86 1
0 18 77 19 120 86 121 1
0 19 77 81 121 86 89 1
0 81 22 19 89 102 121 1
0 42 40 2 54 52 51 1
0 60 59 63 71 70 74 1
"scroller" 0 0
76
0 -25.684261 4.906651 5.987338 0.012751 0.412702 -1
0 -25.684261 -0.063744 5.987338 0.012751 0.487749 -1
0 -0.000002 -25.747738 5.987336 0.055766 0.875538 -1
0 25.684258 -0.063744 5.987319 0.098780 0.487749 -1
0 25.684258 4.906651 5.987319 0.098780 0.412702 -1
0 24.323389 6.267518 5.987323 0.096501 0.392156 -1
0 20.392910 6.267518 5.987323 0.089918 0.392156 -1
0 15.193339 1.067949 5.987323 0.081211 0.470661 -1
0 -15.193341 1.067949 5.987341 0.030320 0.470661 -1
0 -20.392914 6.267518 5.987341 0.021612 0.392156 -1
0 -24.323393 6.267518 5.987341 0.015030 0.392156 -1
0 -9.244640 1.067949 5.987341 0.040283 0.470661 -1
0 9.244640 1.067949 5.987328 0.071248 0.470661 -1
0 -4.885981 5.426608 5.987341 0.047583 0.404852 -1
0 -1.445286 24.985971 5.987338 0.053345 0.109535 -1
0 -4.885981 21.545277 5.987341 0.047583 0.161484 -1
0 4.885976 5.426608 5.987328 0.063949 0.404852 -1
0 4.885976 21.545277 5.987328 0.063949 0.161484 -1
0 1.445282 24.985971 5.987328 0.058186 0.109535 -1
0 -0.000002 -25.747738 -5.987336 0.055766 0.875538 -1
0 -25.684261 -0.063744 -5.987338 0.012751 0.487749 -1
0 -25.684261 4.906651 -5.987338 0.012751 0.412702 -1
0 24.323389 6.267518 -5.987323 0.096501 0.392156 -1
0 25.684258 4.906651 -5.987319 0.098780 0.412702 -1
0 25.684258 -0.063744 -5.987319 0.098780 0.487749 -1
0 15.193339 1.067949 -5.987323 0.081211 0.470661 -1
0 20.392910 6.267518 -5.987323 0.089918 0.392156 -1
0 -24.323393 6.267518 -5.987341 0.015030 0.392156 -1
0 -20.392914 6.267518 -5.987341 0.021612 0.392156 -1
0 -15.193341 1.067949 -5.987341 0.030320 0.470661 -1
0 -9.244640 1.067949 -5.987341 0.040283 0.470661 -1
0 9.244640 1.067949 -5.987328 0.071248 0.470661 -1
0 -4.885981 5.426608 -5.987341 0.047583 0.404852 -1
0 -4.885981 21.545277 -5.987341 0.047583 0.161484 -1
0 -1.445286 24.985971 -5.987338 0.053345 0.109535 -1
0 4.885976 5.426608 -5.987328 0.063949 0.404852 -1
0 1.445282 24.985971 -5.987328 0.058186 0.109535 -1
0 4.885976 21.545277 -5.987328 0.063949 0.161484 -1
0 -26.727907 5.338943 7.082249 0.011003 0.406176 -1
0 -26.727907 -0.496036 7.082249 0.011003 0.494276 -1
0 -0.000002 -27.426201 7.082244 0.055766 0.900880 -1
0 26.727903 -0.496036 7.082229 0.100529 0.494276 -1
0 26.727903 5.338943 7.082229 0.100529 0.406176 -1
0 24.755682 7.311162 7.082229 0.097226 0.376398 -1
0 19.960621 7.311162 7.082231 0.089195 0.376398 -1
0 14.761046 2.111592 7.082231 0.080487 0.454904 -1
0 5.929621 5.858900 7.082235 0.065697 0.398325 -1
0 5.929621 21.977570 7.082235 0.065697 0.154958 -1
0 1.877573 26.029613 7.082235 0.058910 0.093778 -1
0 -1.877577 26.029613 7.082244 0.052621 0.093778 -1
0 -5.929624 21.977570 7.082244 0.045835 0.154958 -1
0 -14.761053 2.111592 7.082249 0.031044 0.454904 -1
0 -19.960625 7.311162 7.082249 0.022336 0.376398 -1
0 -24.755686 7.311162 7.082249 0.014306 0.376398 -1
0 9.676929 2.111592 7.082235 0.071972 0.454904 -1
0 -9.676931 2.111592 7.082244 0.039559 0.454904 -1
0 -5.929624 5.858900 7.082244 0.045835 0.398325 -1
0 -26.727907 -0.496036 -7.082249 0.011003 0.494276 -1
0 -26.727907 5.338943 -7.082249 0.011003 0.406176 -1
0 -0.000002 -27.426201 -7.082244 0.055766 0.900880 -1
0 26.727903 -0.496036 -7.082229 0.100529 0.494276 -1
0 26.727903 5.338943 -7.082229 0.100529 0.406176 -1
0 24.755682 7.311162 -7.082229 0.097226 0.376398 -1
0 19.960621 7.311162 -7.082231 0.089195 0.376398 -1
0 14.761046 2.111592 -7.082231 0.080487 0.454904 -1
0 5.929621 21.977570 -7.082235 0.065697 0.154958 -1
0 5.929621 5.858900 -7.082235 0.065697 0.398325 -1
0 1.877573 26.029613 -7.082235 0.058910 0.093778 -1
0 -1.877577 26.029613 -7.082244 0.052621 0.093778 -1
0 -5.929624 21.977570 -7.082244 0.045835 0.154958 -1
0 -19.960625 7.311162 -7.082249 0.022336 0.376398 -1
0 -14.761053 2.111592 -7.082249 0.031044 0.454904 -1
0 -24.755686 7.311162 -7.082249 0.014306 0.376398 -1
0 9.676929 2.111592 -7.082235 0.071972 0.454904 -1
0 -9.676931 2.111592 -7.082244 0.039559 0.454904 -1
0 -5.929624 5.858900 -7.082244 0.045835 0.398325 -1
130
-0.000001 -0.000000 1.000000
0.000000 0.000000 1.000000
0.000000 -0.000000 1.000000
0.000002 -0.000000 1.000000
0.000003 0.000000 1.000000
0.000001 0.000000 1.000000
0.000000 0.000000 1.000000
0.000000 0.000000 1.000000
-0.000000 -0.000000 1.000000
-0.000000 -0.000000 1.000000
0.000000 -0.000000 1.000000
0.000001 0.000000 1.000000
0.000001 0.000000 1.000000
0.000002 -0.000000 1.000000
0.000001 0.000000 1.000000
0.000001 0.000001 1.000000
0.000002 -0.000000 1.000000
0.000000 -0.000000 -1.000000
0.000000 0.000000 -1.000000
-0.000001 -0.000000 -1.000000
0.000001 0.000000 -1.000000
0.000003 0.000000 -1.000000
0.000002 -0.000000 -1.000000
0.000000 0.000000 -1.000000
0.000000 0.000000 -1.000000
-0.000000 -0.000000 -1.000000
-0.000000 -0.000000 -1.000000
0.000000 -0.000000 -1.000000
0.000001 0.000000 -1.000000
0.000001 0.000000 -1.000000
0.000001 0.000000 -1.000000
0.000002 -0.000000 -1.000000
0.000001 0.000001 -1.000000
0.000002 -0.000000 -1.000000
0.723850 0.000000 0.689958
0.723850 0.000000 0.689958
0.482250 0.478628 0.733723
0.511837 0.511842 0.689957
-0.513384 0.509529 0.690519
-0.479459 0.479464 0.735005
-0.723849 0.000000 0.689958
-0.723849 0.000000 0.689958
-0.511838 -0.511839 0.689958
-0.511838 -0.511838 0.689959
-0.511838 -0.511840 0.689958
0.000000 -0.723849 0.689959
0.000000 -0.723849 0.689958
0.000000 -0.723849 0.689959
0.511839 -0.511839 0.689958
0.511838 -0.511839 0.689958
0.511839 -0.511839 0.689958
-0.723848 0.000000 0.689959
-0.511838 -0.511838 0.689959
-0.511838 -0.511839 0.689958
-0.511838 -0.511838 0.689959
0.000002 -0.723849 0.689958
0.000002 -0.723849 0.689959
0.000002 -0.723850 0.689957
0.511838 -0.511838 0.689959
0.511837 -0.511838 0.689960
0.511839 -0.511838 0.689958
-0.511839 -0.511839 0.689957
-0.511839 -0.511839 0.689958
-0.511839 -0.511840 0.689957
0.000000 -0.723849 0.689958
0.511838 -0.511839 0.689958
0.511839 -0.511839 0.689958
0.511837 -0.511839 0.689959
-0.511838 -0.511839 0.689959
-0.511838 -0.511838 0.689959
-0.511838 -0.511839 0.689958
0.000000 -0.723849 0.689959
0.000001 -0.723850 0.689958
0.000000 -0.723848 0.689960
0.000001 -0.723849 0.689958
0.000001 -0.723849 0.689958
0.000001 -0.723849 0.689958
0.723848 0.000000 0.689960
0.723848 0.000000 0.689960
0.511838 -0.511838 0.689960
0.511838 -0.511838 0.689960
0.511838 -0.511838 0.689960
0.723850 0.000000 -0.689958
0.723850 0.000000 -0.689958
0.482250 0.478628 -0.733723
0.511837 0.511842 -0.689957
-0.513384 0.509529 -0.690519
-0.479459 0.479464 -0.735005
-0.723849 0.000000 -0.689958
-0.723849 0.000000 -0.689958
-0.511838 -0.511839 -0.689958
-0.511838 -0.511838 -0.689959
-0.511838 -0.511840 -0.689958
0.000000 -0.723849 -0.689959
0.000000 -0.723849 -0.689958
0.000000 -0.723849 -0.689959
0.511839 -0.511839 -0.689958
0.511838 -0.511839 -0.689958
0.511839 -0.511839 -0.689958
-0.723848 0.000000 -0.689959
-0.511838 -0.511838 -0.689959
-0.511838 -0.511839 -0.689958
-0.511838 -0.511838 -0.689959
0.000002 -0.723849 -0.689958
0.000002 -0.723849 -0.689959
0.000002 -0.723850 -0.689957
0.511838 -0.511838 -0.689959
0.511837 -0.511838 -0.689960
0.511839 -0.511838 -0.689958
-0.511839 -0.511839 -0.689957
-0.511839 -0.511839 -0.689958
-0.511839 -0.511840 -0.689957
0.000000 -0.723849 -0.689958
0.511838 -0.511839 -0.689958
0.511839 -0.511839 -0.689958
0.511837 -0.511839 -0.689959
-0.511838 -0.511839 -0.689959
-0.511838 -0.511838 -0.689959
-0.511838 -0.511839 -0.689958
0.000000 -0.723849 -0.689959
0.000001 -0.723850 -0.689958
0.000000 -0.723848 -0.689960
0.000001 -0.723849 -0.689958
0.000001 -0.723849 -0.689958
0.000001 -0.723849 -0.689958
0.723848 0.000000 -0.689960
0.723848 0.000000 -0.689960
0.511838 -0.511838 -0.689960
0.511838 -0.511838 -0.689960
0.511838 -0.511838 -0.689960
110
0 0 1 2 0 1 2 1
0 3 4 5 3 4 5 1
0 5 6 7 5 6 7 1
0 8 9 10 8 6 9 1
0 10 0 2 9 0 2 1
0 2 3 5 2 3 5 1
0 8 10 2 8 9 2 1
0 2 5 7 2 5 7 1
0 11 8 2 10 8 2 1
0 2 7 12 2 7 11 1
0 13 11 2 12 10 2 1
0 2 12 13 2 11 12 1
0 14 15 13 13 14 12 1
0 13 12 16 12 11 15 1
0 16 17 18 15 6 16 1
0 18 14 13 16 13 12 1
0 13 16 18 12 15 16 1
0 19 20 21 17 18 19 1
0 22 23 24 20 21 22 1
0 25 26 22 23 24 20 1
0 27 28 29 25 24 26 1
0 19 21 27 17 19 25 1
0 22 24 19 20 22 17 1
0 19 27 29 17 25 26 1
0 25 22 19 23 20 17 1
0 19 29 30 17 26 27 1
0 31 25 19 28 23 17 1
0 19 30 32 17 27 29 1
0 32 31 19 29 28 17 1
0 32 33 34 29 30 31 1
0 35 31 32 32 28 29 1
0 36 37 35 33 24 32 1
0 32 34 36 29 31 33 1
0 36 35 32 33 32 29 1
0 38 39 1 34 34 34 1
0 1 0 38 34 35 34 1
0 39 40 2 36 36 36 1
0 2 1 39 37 37 37 1
0 40 41 3 38 38 38 1
0 3 2 40 39 39 39 1
0 41 42 4 40 41 40 1
0 4 3 41 40 40 40 1
0 42 43 5 42 43 42 1
0 5 4 42 42 44 42 1
0 43 44 6 45 46 45 1
0 6 5 43 45 47 45 1
0 44 45 7 48 49 48 1
0 7 6 44 48 50 48 1
0 46 47 17 51 51 51 1
0 17 16 46 51 51 51 1
0 47 48 18 52 53 52 1
0 18 17 47 52 54 52 1
0 48 49 14 55 56 55 1
0 14 18 48 55 57 55 1
0 49 50 15 58 59 58 1
0 15 14 49 58 60 58 1
0 51 52 9 61 62 61 1
0 9 8 51 61 63 61 1
0 52 53 10 64 64 64 1
0 10 9 52 64 64 64 1
0 53 38 0 65 66 65 1
0 0 10 53 65 67 65 1
0 54 46 16 68 69 68 1
0 16 12 54 68 70 68 1
0 55 51 8 71 72 71 1
0 8 11 55 71 73 71 1
0 45 54 12 74 75 74 1
0 12 7 45 74 76 74 1
0 50 56 13 77 77 77 1
0 13 15 50 77 78 77 1
0 56 55 11 79 80 79 1
0 11 13 56 79 81 79 1
0 20 57 58 82 82 82 1
0 58 21 20 82 83 82 1
0 19 59 57 84 84 84 1
0 57 20 19 85 85 85 1
0 24 60 59 86 86 86 1
0 59 19 24 87 87 87 1
0 23 61 60 88 89 88 1
0 60 24 23 88 88 88 1
0 22 62 61 90 91 90 1
0 61 23 22 90 92 90 1
0 26 63 62 93 94 93 1
0 62 22 26 93 95 93 1
0 25 64 63 96 97 96 1
0 63 26 25 96 98 96 1
0 37 65 66 99 99 99 1
0 66 35 37 99 99 99 1
0 36 67 65 100 101 100 1
0 65 37 36 100 102 100 1
0 34 68 67 103 104 103 1
0 67 36 34 103 105 103 1
0 33 69 68 106 107 106 1
0 68 34 33 106 108 106 1
0 28 70 71 109 110 109 1
0 71 29 28 109 111 109 1
0 27 72 70 112 112 112 1
0 70 28 27 112 112 112 1
0 21 58 72 113 114 113 1
0 72 27 21 113 115 113 1
0 35 66 73 116 117 116 1
0 73 31 35 116 118 116 1
0 29 71 74 119 120 119 1
0 74 30 29 119 121 119 1
0 31 73 64 122 123 122 1
0 64 25 31 122 124 122 1
0 32 75 69 125 125 125 1
0 69 33 32 125 126 125 1
0 30 74 75 127 128 127 1
0 75 32 30 127 129 127 1