// MilkShape 3D ASCII

Frames: 30
Frame: 1

Meshes: 1
"ThIsSuCkS" 1 0
4
1 -31.940174 32.076870 0.000000 0.000781 0.000000 -1
1 -31.990173 -32.021523 0.000000 0.000000 0.998429 -1
1 32.055828 31.976021 0.000000 1.000000 0.001571 -1
1 32.005829 -32.122356 0.000000 0.999219 1.000000 -1
1
0.000000 0.000000 1.000000
2
1 0 1 2 0 0 0 6
1 1 3 2 0 0 0 6

Materials: 1
"DoNtMoVeThIsShIt"
0.200000 0.200000 0.200000 1.000000
0.800000 0.800000 0.800000 1.000000
0.000000 0.000000 0.000000 1.000000
0.000000 0.000000 0.000000 1.000000
0.000000
1.000000
"..\1.png"
""

Bones: 0
GroupComments: 0
MaterialComments: 0
BoneComments: 0
ModelComment: 0
