// MilkShape 3D ASCII
// Converted from .obj with obj2ms3dascii.lua by FMS_Cat
// https://github.com/FMS-Cat/obj2ms3dascii

Frames: 30
Frame: 1

Meshes: 1
"mgd3default.ms3d" 0 0
880
0 1.32739 -31.119101 0.041254 0.055436 0.084574 -1
0 30.420799 -2.02568 0.041254 0.055436 0.084574 -1
0 27.691299 -0.895074 7.08223 0.055436 0.084574 -1
0 27.691299 -0.895074 7.08223 0.055436 0.084574 -1
0 0.196783 -28.389603 7.082225 0.00939 0.499699 -1
0 1.32739 -31.119101 0.041254 0.00939 0.499699 -1
0 30.420799 -2.02568 0.041254 0.00939 0.499699 -1
0 27.691299 -0.895074 7.08223 0.00939 0.499699 -1
0 30.420799 -2.02568 0.041254 0.00939 0.499699 -1
0 -27.691299 -0.895074 7.08225 0.00939 0.499699 -1
0 -26.7279 -0.496037 7.08225 0.004818 0.482628 -1
0 -26.7279 -0.496037 7.08225 0.053542 0.043363 -1
0 -27.691299 -0.895074 7.08225 0.004818 0.482628 -1
0 -0.196788 -28.389603 7.082245 0.057989 0.043363 -1
0 -0.000002 -27.426203 7.082236 0.056095 0.084574 -1
0 -0.196788 -28.389603 7.082245 0.057989 0.043363 -1
0 0.196783 -28.389603 7.082225 0.056095 0.084574 -1
0 -0.000002 -27.426203 7.082236 0.056095 0.084574 -1
0 0.196783 -28.389603 7.082225 0.056095 0.084574 -1
0 27.691299 -0.895074 7.08223 0.056095 0.084574 -1
0 26.7279 -0.496037 7.08223 0.056095 0.084574 -1
0 26.7279 -0.496037 7.08223 0.056095 0.084574 -1
0 -0.000002 -27.426203 7.082236 0.055436 0.084574 -1
0 0.196783 -28.389603 7.082225 0.055436 0.084574 -1
0 27.691299 -0.895074 7.08223 0.055436 0.084574 -1
0 26.7279 -0.496037 7.08223 0.055436 0.084574 -1
0 27.691299 -0.895074 7.08223 0.053542 0.043363 -1
0 -26.7279 -0.496035 -7.08225 0.053542 0.043363 -1
0 -27.691299 -0.895072 -7.08225 0.053542 0.043363 -1
0 -26.7279 -0.496035 -7.08225 0.053542 0.043363 -1
0 -0.000002 -27.426199 -7.082244 0.053542 0.043363 -1
0 -0.196788 -28.389599 -7.082255 0.053542 0.043363 -1
0 -27.691299 -0.895072 -7.08225 0.053542 0.043363 -1
0 -0.000002 -27.426199 -7.082244 0.057989 0.043363 -1
0 0.196783 -28.389599 -7.082235 0.057989 0.043363 -1
0 -0.196788 -28.389599 -7.082255 0.057989 0.043363 -1
0 26.7279 -0.496035 -7.08223 0.053542 0.043363 -1
0 27.691299 -0.895072 -7.08223 0.053542 0.043363 -1
0 0.196783 -28.389599 -7.082235 0.053542 0.043363 -1
0 0.196783 -28.389599 -7.082235 0.053542 0.043363 -1
0 -0.000002 -27.426199 -7.082244 0.053542 0.043363 -1
0 26.7279 -0.496035 -7.08223 0.053542 0.043363 -1
0 27.691299 -0.895072 -7.08223 0.053542 0.043363 -1
0 27.691299 -0.895072 -7.08223 0.053542 0.043363 -1
0 26.7279 -0.496035 -7.08223 0.053542 0.043363 -1
0 -27.691299 -0.895072 -7.08225 0.053542 0.043363 -1
0 -27.691299 -0.895072 -7.08225 0.106713 0.482629 -1
0 -30.420799 -2.02568 -0.079464 0.106713 0.482629 -1
0 -1.3274 -31.119101 -0.079469 0.106713 0.482629 -1
0 -30.420799 -2.02568 -0.079464 0.106713 0.482629 -1
0 -0.196788 -28.389599 -7.082255 0.102142 0.499699 -1
0 -0.196788 -28.389599 -7.082255 0.102142 0.499699 -1
0 -30.420799 -2.02568 -0.079464 0.056095 0.084574 -1
0 -27.691299 -0.895072 -7.08225 0.057989 0.043363 -1
0 -0.196788 -28.389599 -7.082255 0.102142 0.513213 -1
0 0.196783 -28.389599 -7.082235 0.106713 0.482629 -1
0 -1.3274 -31.119101 -0.079469 0.102142 0.499699 -1
0 -1.3274 -31.119101 -0.079469 0.057989 0.043363 -1
0 0.196783 -28.389599 -7.082235 0.106713 0.482629 -1
0 1.32739 -31.119101 0.041254 0.106713 0.482629 -1
0 1.32739 -31.119101 0.041254 0.106713 0.482629 -1
0 0.196783 -28.389599 -7.082235 0.10552 0.513214 -1
0 27.691299 -0.895072 -7.08223 0.00939 0.513213 -1
0 27.691299 -0.895072 -7.08223 0.102142 0.499699 -1
0 30.420799 -2.02568 0.041254 0.00939 0.499699 -1
0 1.32739 -31.119101 0.041254 0.011003 0.505724 -1
0 30.420799 -2.02568 0.041254 0.010874 0.513213 -1
0 27.691299 -0.895072 -7.08223 0.00939 0.499699 -1
0 30.420799 -2.02568 0.041254 0.055436 0.084574 -1
0 -0.000002 -27.426203 7.082236 0.102142 0.513213 -1
0 -26.7279 -0.496037 7.08225 0.102142 0.513213 -1
0 -27.691299 -0.895074 7.08225 0.055436 0.084574 -1
0 -27.691299 -0.895072 -7.08225 0.055766 0.09912 -1
0 -26.7279 -0.496035 -7.08225 0.055436 0.084574 -1
0 -0.000002 -27.426199 -7.082244 0.106713 0.482629 -1
0 -25.684299 -0.063745 5.98734 0.056095 0.084574 -1
0 -0.000002 -25.747702 5.987336 0.00939 0.499699 -1
0 25.684299 -0.063745 5.98732 0.106713 0.482629 -1
0 -0.000002 -25.747702 5.987336 0.055766 0.09912 -1
0 -0.000002 -25.747702 5.987336 0.055766 0.09912 -1
0 25.684299 -0.063745 5.98732 0.056095 0.084574 -1
0 -0.000002 -25.747702 5.987336 0.102142 0.499699 -1
0 -0.000002 -25.747702 5.987336 0.102142 0.499699 -1
0 -0.000002 -25.747702 5.987336 0.102142 0.499699 -1
0 -0.000002 -25.747702 5.987336 0.055766 0.09912 -1
0 -0.000002 -25.747702 5.987336 0.100529 0.505724 -1
0 -0.000002 -25.747702 5.987336 0.100529 0.505724 -1
0 -0.000002 -25.747698 -5.987344 0.055766 0.09912 -1
0 -25.684299 -0.063743 -5.98734 0.053542 0.043363 -1
0 25.684299 -0.063743 -5.98732 0.053542 0.043363 -1
0 -0.000002 -25.747698 -5.987344 0.053542 0.043363 -1
0 25.684299 -0.063743 -5.98732 0.056095 0.084574 -1
0 -0.000002 -25.747698 -5.987344 0.106713 0.482629 -1
0 -0.000002 -25.747698 -5.987344 0.106713 0.482629 -1
0 -0.000002 -25.747698 -5.987344 0.053542 0.043363 -1
0 -0.000002 -25.747698 -5.987344 0.053542 0.043363 -1
0 -0.000002 -25.747698 -5.987344 0.053542 0.043363 -1
0 -0.000002 -25.747698 -5.987344 0.053542 0.043363 -1
0 -0.000002 -25.747698 -5.987344 0.053542 0.043363 -1
0 -26.7279 -0.496037 7.08225 0.053542 0.043363 -1
0 -25.684299 -0.063745 5.98734 0.053542 0.043363 -1
0 -25.684299 -0.063745 5.98734 0.053542 0.043363 -1
0 -26.7279 -0.496037 7.08225 0.053542 0.043363 -1
0 -0.000002 -27.426203 7.082236 0.053542 0.043363 -1
0 -0.000002 -25.747702 5.987336 0.053542 0.043363 -1
0 -0.000002 -25.747702 5.987336 0.053542 0.043363 -1
0 -25.684299 -0.063745 5.98734 0.053542 0.043363 -1
0 -26.7279 -0.496037 7.08225 0.053542 0.043363 -1
0 -0.000002 -27.426203 7.082236 0.053542 0.043363 -1
0 26.7279 -0.496037 7.08223 0.053542 0.043363 -1
0 25.684299 -0.063745 5.98732 0.106713 0.482629 -1
0 25.684299 -0.063745 5.98732 0.106713 0.482629 -1
0 -0.000002 -25.747702 5.987336 0.106713 0.482629 -1
0 -0.000002 -27.426203 7.082236 0.106713 0.482629 -1
0 26.7279 -0.496037 7.08223 0.106713 0.482629 -1
0 25.684299 -0.063745 5.98732 0.106713 0.482629 -1
0 26.7279 -0.496037 7.08223 0.106713 0.482629 -1
0 -25.684299 -0.063743 -5.98734 0.106713 0.482629 -1
0 -26.7279 -0.496035 -7.08225 0.106713 0.482629 -1
0 -25.684299 -0.063743 -5.98734 0.106713 0.482629 -1
0 -0.000002 -25.747698 -5.987344 0.106713 0.482629 -1
0 -0.000002 -27.426199 -7.082244 0.106713 0.482629 -1
0 -26.7279 -0.496035 -7.08225 0.106713 0.482629 -1
0 -26.7279 -0.496035 -7.08225 0.106713 0.482629 -1
0 -25.684299 -0.063743 -5.98734 0.106713 0.482629 -1
0 -0.000002 -25.747698 -5.987344 0.106713 0.482629 -1
0 25.684299 -0.063743 -5.98732 0.100529 0.513213 -1
0 26.7279 -0.496035 -7.08223 0.100529 0.513213 -1
0 -0.000002 -27.426199 -7.082244 0.100529 0.513213 -1
0 -0.000002 -27.426199 -7.082244 0.100529 0.513213 -1
0 -0.000002 -25.747698 -5.987344 0.100529 0.505724 -1
0 25.684299 -0.063743 -5.98732 0.100529 0.505724 -1
0 26.7279 -0.496035 -7.08223 0.100529 0.505724 -1
0 26.7279 -0.496035 -7.08223 0.102142 0.499699 -1
0 25.684299 -0.063743 -5.98732 0.102142 0.499699 -1
0 -30.420799 0 -0.079464 0.102142 0.499699 -1
0 -28.005983 -0.000001 6.256576 0.10191 0.513213 -1
0 30.420799 0 0.041254 0.10191 0.513213 -1
0 29.708624 0 1.878373 0.10191 0.513213 -1
0 -19.561684 0.000001 -5.98734 0.010874 0.513213 -1
0 -14.588218 0.000001 -5.98734 0.010874 0.513213 -1
0 -27.691299 -0.000001 7.08225 0.010874 0.513213 -1
0 -26.804556 -0.000001 7.08225 0.011003 0.513213 -1
0 26.632084 0.000001 -6.981703 0.011003 0.513213 -1
0 -19.561684 -0.000001 5.98734 0.011003 0.513213 -1
0 8.876467 -0.000001 5.98733 0.011003 0.513213 -1
0 26.7279 0.000001 -7.08223 0.011003 0.505724 -1
0 25.670597 0.000001 -5.98732 0.011003 0.505724 -1
0 8.876467 0.000001 -5.98733 0.011003 0.505724 -1
0 -26.7279 -0.000001 7.08225 0.055766 0.09912 -1
0 -25.696613 -0.000001 6.000258 0.055766 0.09912 -1
0 14.588218 -0.000001 5.987321 0.055766 0.09912 -1
0 14.588218 0.000001 -5.987321 0.055436 0.084574 -1
0 -27.691299 0.000001 -7.08225 0.055436 0.084574 -1
0 25.684299 0.000001 -5.98732 0.055436 0.084574 -1
0 25.684299 -0.000001 5.98732 0.00939 0.499699 -1
0 19.561684 -0.000001 5.987324 0.00939 0.499699 -1
0 -19.561684 -0.000001 5.98734 0.00939 0.499699 -1
0 14.588218 -0.000001 5.987321 0.055766 0.09912 -1
0 -21.573175 0.000001 -5.98734 0.055766 0.09912 -1
0 -14.588218 0.000001 -5.98734 0.055766 0.09912 -1
0 -8.876467 0.000001 -5.98734 0.056095 0.084574 -1
0 25.684299 -0.000001 5.98732 0.056095 0.084574 -1
0 26.632084 -0.000001 6.981703 0.056095 0.084574 -1
0 8.876467 0.000001 -5.98733 0.011003 0.513213 -1
0 -30.420799 0 -0.079464 0.011003 0.513213 -1
0 30.420799 0 0.041254 0.011003 0.513213 -1
0 -4.035462 0.000001 -5.98734 0.106713 0.482629 -1
0 -25.696613 0.000001 -6.000258 0.106713 0.482629 -1
0 26.7279 0.000001 -7.08223 0.106713 0.482629 -1
0 25.670597 -0.000001 5.98732 0.055436 0.084574 -1
0 -26.804556 0.000001 -7.08225 0.055436 0.084574 -1
0 -4.035462 -0.000001 5.98734 0.055436 0.084574 -1
0 -28.005983 -0.000001 6.256576 0.055436 0.084574 -1
0 -25.684299 0.000001 -5.98734 0.100529 0.513213 -1
0 27.691299 -0.000001 7.08223 0.100529 0.513213 -1
0 29.708624 0 1.878373 0.100529 0.513213 -1
0 -26.7279 -0.000001 7.08225 0.106713 0.482629 -1
0 -26.804556 -0.000001 7.08225 0.106713 0.482629 -1
0 -25.684299 0.000001 -5.98734 0.106713 0.482629 -1
0 -21.573174 -0.000001 5.98734 0.053542 0.043363 -1
0 19.561684 -0.000001 5.987324 0.053542 0.043363 -1
0 -4.035463 -0.000001 5.98734 0.053542 0.043363 -1
0 19.561684 0.000001 -5.987324 0.053542 0.043363 -1
0 -8.876467 0.000001 -5.98734 0.053542 0.043363 -1
0 -4.035463 0.000001 -5.98734 0.053542 0.043363 -1
0 -25.684299 -0.000001 5.98734 0.010874 0.513213 -1
0 -25.696613 -0.000001 6.000258 0.100529 0.505724 -1
0 -25.696613 0.000001 -6.000258 0.102142 0.499699 -1
0 -26.7279 0.000001 -7.08225 0.056095 0.084574 -1
0 -25.684299 -0.000001 5.98734 0.106713 0.482629 -1
0 -21.573174 -0.000001 5.98734 0.106713 0.482629 -1
0 25.670597 -0.000001 5.98732 0.106713 0.482629 -1
0 -8.876467 -0.000001 5.98734 0.106713 0.482629 -1
0 27.552975 0.000001 -7.08223 0.106713 0.482629 -1
0 25.670597 0.000001 -5.98732 0.106713 0.482629 -1
0 19.561684 0.000001 -5.987324 0.106713 0.482629 -1
0 26.7279 -0.000001 7.08223 0.053542 0.043363 -1
0 27.552975 -0.000001 7.08223 0.053542 0.043363 -1
0 26.632084 0.000001 -6.981703 0.053542 0.043363 -1
0 -26.804556 0.000001 -7.08225 0.053542 0.043363 -1
0 -8.876467 -0.000001 5.98734 0.053542 0.043363 -1
0 27.691299 0.000001 -7.08223 0.053542 0.043363 -1
0 25.684299 0.000001 -5.98732 0.053542 0.043363 -1
0 -21.573175 0.000001 -5.98734 0.053542 0.043363 -1
0 -19.561684 0.000001 -5.98734 0.053542 0.043363 -1
0 14.588218 0.000001 -5.987321 0.053542 0.043363 -1
0 -28.005983 0.000001 -6.274899 0.053542 0.043363 -1
0 -28.005983 0.000001 -6.274899 0.053542 0.043363 -1
0 29.708624 0 -1.817393 0.053542 0.043363 -1
0 -26.7279 0.000001 -7.08225 0.056095 0.084574 -1
0 -14.588218 -0.000001 5.98734 0.056095 0.084574 -1
0 26.7279 -0.000001 7.08223 0.056095 0.084574 -1
0 26.632084 -0.000001 6.981703 0.056095 0.084574 -1
0 29.708624 0 -1.817393 0.106713 0.482629 -1
0 -14.588218 -0.000001 5.98734 0.106713 0.482629 -1
0 8.876467 -0.000001 5.98733 0.106713 0.482629 -1
0 -30.420799 2.02568 -0.079464 0.056095 0.084574 -1
0 -27.691299 0.895072 7.08225 0.056095 0.084574 -1
0 -27.691299 0.895072 7.08225 0.056095 0.084574 -1
0 -30.420799 2.02568 -0.079464 0.055436 0.084574 -1
0 -1.3274 31.119101 -0.079459 0.055436 0.084574 -1
0 -0.196788 28.389599 7.082255 0.055436 0.084574 -1
0 -0.196788 28.389599 7.082255 0.055436 0.084574 -1
0 -27.691299 0.895072 7.08225 0.055766 0.09912 -1
0 -30.420799 2.02568 -0.079464 0.055766 0.09912 -1
0 -1.3274 31.119101 -0.079459 0.055766 0.09912 -1
0 1.32739 31.119101 0.041264 0.055766 0.09912 -1
0 0.196783 28.389599 7.082235 0.055766 0.09912 -1
0 0.196783 28.389599 7.082235 0.055766 0.09912 -1
0 -0.196788 28.389599 7.082255 0.100529 0.505724 -1
0 -1.3274 31.119101 -0.079459 0.100529 0.505724 -1
0 1.32739 31.119101 0.041264 0.10191 0.513213 -1
0 30.420799 2.02568 0.041254 0.102142 0.513213 -1
0 27.691299 0.895072 7.08223 0.102142 0.513213 -1
0 27.691299 0.895072 7.08223 0.102142 0.499699 -1
0 0.196783 28.389599 7.082235 0.008863 0.513213 -1
0 1.32739 31.119101 0.041264 0.008863 0.513213 -1
0 30.420799 2.02568 0.041254 0.008863 0.513213 -1
0 27.691299 0.895072 7.08223 0.008863 0.513213 -1
0 30.420799 2.02568 0.041254 0.008863 0.513213 -1
0 -27.691299 0.895072 7.08225 0.008863 0.513213 -1
0 -26.7279 0.496035 7.08225 0.055436 0.084574 -1
0 -26.7279 0.496035 7.08225 0.055436 0.084574 -1
0 -27.691299 0.895072 7.08225 0.055436 0.084574 -1
0 -0.196788 28.389599 7.082255 0.055436 0.084574 -1
0 -0.000002 27.426199 7.082244 0.053542 0.043363 -1
0 -0.196788 28.389599 7.082255 0.053542 0.043363 -1
0 0.196783 28.389599 7.082235 0.053542 0.043363 -1
0 -0.000002 27.426199 7.082244 0.053542 0.043363 -1
0 0.196783 28.389599 7.082235 0.053542 0.043363 -1
0 27.691299 0.895072 7.08223 0.053542 0.043363 -1
0 26.7279 0.496035 7.08223 0.053542 0.043363 -1
0 26.7279 0.496035 7.08223 0.057989 0.043363 -1
0 -0.000002 27.426199 7.082244 0.057989 0.043363 -1
0 0.196783 28.389599 7.082235 0.057989 0.043363 -1
0 27.691299 0.895072 7.08223 0.053542 0.043363 -1
0 26.7279 0.496035 7.08223 0.053542 0.043363 -1
0 27.691299 0.895072 7.08223 0.053542 0.043363 -1
0 -26.7279 0.496037 -7.08225 0.053542 0.043363 -1
0 -27.691299 0.895074 -7.08225 0.053542 0.043363 -1
0 -26.7279 0.496037 -7.08225 0.053542 0.043363 -1
0 -0.000002 27.426203 -7.082236 0.053542 0.043363 -1
0 -0.196788 28.389603 -7.082245 0.053542 0.043363 -1
0 -27.691299 0.895074 -7.08225 0.053542 0.043363 -1
0 -0.000002 27.426203 -7.082236 0.053542 0.043363 -1
0 0.196783 28.389603 -7.082225 0.106713 0.482629 -1
0 -0.196788 28.389603 -7.082245 0.106713 0.482629 -1
0 26.7279 0.496037 -7.08223 0.106713 0.482629 -1
0 27.691299 0.895074 -7.08223 0.106713 0.482629 -1
0 0.196783 28.389603 -7.082225 0.00939 0.513213 -1
0 0.196783 28.389603 -7.082225 0.00939 0.499699 -1
0 -0.000002 27.426203 -7.082236 0.056095 0.084574 -1
0 26.7279 0.496037 -7.08223 0.053542 0.043363 -1
0 27.691299 0.895074 -7.08223 0.004818 0.482628 -1
0 27.691299 0.895074 -7.08223 0.106713 0.482629 -1
0 26.7279 0.496037 -7.08223 0.004818 0.482628 -1
0 -27.691299 0.895074 -7.08225 0.055436 0.084574 -1
0 -27.691299 0.895074 -7.08225 0.055436 0.084574 -1
0 -30.420799 2.02568 -0.079464 0.106713 0.482629 -1
0 -1.3274 31.119101 -0.079459 0.106713 0.482629 -1
0 -30.420799 2.02568 -0.079464 0.004818 0.482628 -1
0 -0.196788 28.389603 -7.082245 0.055436 0.084574 -1
0 -0.196788 28.389603 -7.082245 0.00939 0.499699 -1
0 -30.420799 2.02568 -0.079464 0.055436 0.084574 -1
0 -27.691299 0.895074 -7.08225 0.056095 0.084574 -1
0 -0.196788 28.389603 -7.082245 0.053542 0.043363 -1
0 0.196783 28.389603 -7.082225 0.053542 0.043363 -1
0 -1.3274 31.119101 -0.079459 0.053542 0.043363 -1
0 -1.3274 31.119101 -0.079459 0.056095 0.084574 -1
0 0.196783 28.389603 -7.082225 0.053542 0.043363 -1
0 1.32739 31.119101 0.041264 0.057989 0.043363 -1
0 1.32739 31.119101 0.041264 0.056095 0.084574 -1
0 0.196783 28.389603 -7.082225 0.057989 0.043363 -1
0 27.691299 0.895074 -7.08223 0.056095 0.084574 -1
0 27.691299 0.895074 -7.08223 0.055436 0.084574 -1
0 30.420799 2.02568 0.041254 0.053542 0.043363 -1
0 1.32739 31.119101 0.041264 0.102142 0.499699 -1
0 30.420799 2.02568 0.041254 0.055436 0.084574 -1
0 27.691299 0.895074 -7.08223 0.102142 0.499699 -1
0 30.420799 2.02568 0.041254 0.055436 0.084574 -1
0 -0.000002 27.426199 7.082244 0.102142 0.499699 -1
0 -26.7279 0.496035 7.08225 0.055436 0.084574 -1
0 -27.691299 0.895072 7.08225 0.102142 0.499699 -1
0 -27.691299 0.895074 -7.08225 0.106713 0.482629 -1
0 -26.7279 0.496037 -7.08225 0.057989 0.043363 -1
0 -0.000002 27.426203 -7.082236 0.10552 0.513214 -1
0 -25.684299 0.063743 5.98734 0.106713 0.513214 -1
0 -0.000002 25.747698 5.987344 0.053542 0.043363 -1
0 25.684299 0.063743 5.98732 0.053542 0.043363 -1
0 -0.000002 25.747698 5.987344 0.053542 0.043363 -1
0 -0.000002 25.747698 5.987344 0.00939 0.513213 -1
0 25.684299 0.063743 5.98732 0.106713 0.482629 -1
0 -0.000002 25.747698 5.987344 0.106713 0.482629 -1
0 -0.000002 25.747698 5.987344 0.053542 0.043363 -1
0 -0.000002 25.747698 5.987344 0.053542 0.043363 -1
0 -0.000002 25.747698 5.987344 0.053542 0.043363 -1
0 -0.000002 25.747698 5.987344 0.053542 0.043363 -1
0 -0.000002 25.747698 5.987344 0.053542 0.043363 -1
0 -0.000002 25.747702 -5.987336 0.053542 0.043363 -1
0 -25.684299 0.063745 -5.98734 0.053542 0.043363 -1
0 25.684299 0.063745 -5.98732 0.053542 0.043363 -1
0 -0.000002 25.747702 -5.987336 0.053542 0.043363 -1
0 25.684299 0.063745 -5.98732 0.053542 0.043363 -1
0 -0.000002 25.747702 -5.987336 0.053542 0.043363 -1
0 -0.000002 25.747702 -5.987336 0.053542 0.043363 -1
0 -0.000002 25.747702 -5.987336 0.053542 0.043363 -1
0 -0.000002 25.747702 -5.987336 0.053542 0.043363 -1
0 -0.000002 25.747702 -5.987336 0.053542 0.043363 -1
0 -0.000002 25.747702 -5.987336 0.053542 0.043363 -1
0 -0.000002 25.747702 -5.987336 0.106713 0.482629 -1
0 -26.7279 0.496035 7.08225 0.106713 0.482629 -1
0 -25.684299 0.063743 5.98734 0.106713 0.482629 -1
0 -25.684299 0.063743 5.98734 0.106713 0.482629 -1
0 -26.7279 0.496035 7.08225 0.106713 0.482629 -1
0 -0.000002 27.426199 7.082244 0.106713 0.482629 -1
0 -0.000002 25.747698 5.987344 0.106713 0.482629 -1
0 -0.000002 25.747698 5.987344 0.106713 0.482629 -1
0 -25.684299 0.063743 5.98734 0.106713 0.482629 -1
0 -26.7279 0.496035 7.08225 0.106713 0.482629 -1
0 -0.000002 27.426199 7.082244 0.106713 0.482629 -1
0 26.7279 0.496035 7.08223 0.106713 0.482629 -1
0 25.684299 0.063743 5.98732 0.106713 0.482629 -1
0 25.684299 0.063743 5.98732 0.106713 0.482629 -1
0 -0.000002 25.747698 5.987344 0.106713 0.482629 -1
0 -0.000002 27.426199 7.082244 0.106713 0.482629 -1
0 26.7279 0.496035 7.08223 0.100529 0.513213 -1
0 25.684299 0.063743 5.98732 0.100529 0.513213 -1
0 26.7279 0.496035 7.08223 0.100529 0.513213 -1
0 -25.684299 0.063745 -5.98734 0.100529 0.513213 -1
0 -26.7279 0.496037 -7.08225 0.106713 0.482629 -1
0 -25.684299 0.063745 -5.98734 0.106713 0.482629 -1
0 -0.000002 25.747702 -5.987336 0.106713 0.482629 -1
0 -0.000002 27.426203 -7.082236 0.055766 0.09912 -1
0 -26.7279 0.496037 -7.08225 0.055766 0.09912 -1
0 -26.7279 0.496037 -7.08225 0.055766 0.09912 -1
0 -25.684299 0.063745 -5.98734 0.011003 0.505724 -1
0 -0.000002 25.747702 -5.987336 0.011003 0.505724 -1
0 25.684299 0.063745 -5.98732 0.011003 0.505724 -1
0 26.7279 0.496037 -7.08223 0.00939 0.499699 -1
0 -0.000002 27.426203 -7.082236 0.00939 0.499699 -1
0 -0.000002 27.426203 -7.082236 0.00939 0.499699 -1
0 -0.000002 25.747702 -5.987336 0.011003 0.513213 -1
0 25.684299 0.063745 -5.98732 0.011003 0.513213 -1
0 26.7279 0.496037 -7.08223 0.011003 0.513213 -1
0 26.7279 0.496037 -7.08223 0.011003 0.513213 -1
0 25.684299 0.063745 -5.98732 0.011003 0.505724 -1
0 -30.420799 0 -0.079464 0.011003 0.505724 -1
0 -28.005983 -0.000001 6.256576 0.011003 0.505724 -1
0 30.420799 0 0.041254 0.00939 0.499699 -1
0 29.708624 0 1.878373 0.00939 0.499699 -1
0 -19.561684 0.000001 -5.98734 0.00939 0.499699 -1
0 -14.588218 0.000001 -5.98734 0.011003 0.505724 -1
0 -27.691299 -0.000001 7.08225 0.011003 0.505724 -1
0 -26.804556 -0.000001 7.08225 0.011003 0.505724 -1
0 26.632084 0.000001 -6.981703 0.055766 0.09912 -1
0 -19.561684 -0.000001 5.98734 0.055766 0.09912 -1
0 8.876467 -0.000001 5.98733 0.055766 0.09912 -1
0 26.7279 0.000001 -7.08223 0.012751 0.513213 -1
0 25.670597 0.000001 -5.98732 0.012751 0.513213 -1
0 8.876467 0.000001 -5.98733 0.012751 0.513213 -1
0 -26.7279 -0.000001 7.08225 0.056095 0.084574 -1
0 -25.696613 -0.000001 6.000258 0.056095 0.084574 -1
0 14.588218 -0.000001 5.987321 0.056095 0.084574 -1
0 14.588218 0.000001 -5.987321 0.011003 0.513213 -1
0 -27.691299 0.000001 -7.08225 0.011003 0.513213 -1
0 25.684299 0.000001 -5.98732 0.011003 0.513213 -1
0 25.684299 -0.000001 5.98732 0.106713 0.482629 -1
0 19.561684 -0.000001 5.987324 0.106713 0.482629 -1
0 -19.561684 -0.000001 5.98734 0.106713 0.482629 -1
0 14.588218 -0.000001 5.987321 0.055436 0.084574 -1
0 -21.573175 0.000001 -5.98734 0.055436 0.084574 -1
0 -14.588218 0.000001 -5.98734 0.055436 0.084574 -1
0 -8.876467 0.000001 -5.98734 0.055436 0.084574 -1
0 25.684299 -0.000001 5.98732 0.012751 0.512251 -1
0 26.632084 -0.000001 6.981703 0.012751 0.512251 -1
0 8.876467 0.000001 -5.98733 0.012751 0.512251 -1
0 -30.420799 0 -0.079464 0.106713 0.482629 -1
0 30.420799 0 0.041254 0.106713 0.482629 -1
0 -4.035462 0.000001 -5.98734 0.106713 0.482629 -1
0 -25.696613 0.000001 -6.000258 0.053542 0.043363 -1
0 26.7279 0.000001 -7.08223 0.053542 0.043363 -1
0 25.670597 -0.000001 5.98732 0.053542 0.043363 -1
0 -26.804556 0.000001 -7.08225 0.053542 0.043363 -1
0 -4.035462 -0.000001 5.98734 0.053542 0.043363 -1
0 -28.005983 -0.000001 6.256576 0.053542 0.043363 -1
0 -25.684299 0.000001 -5.98734 0.056095 0.084574 -1
0 27.691299 -0.000001 7.08223 0.055766 0.124462 -1
0 29.708624 0 1.878373 0.019636 0.513215 -1
0 -26.7279 -0.000001 7.08225 0.023005 0.513214 -1
0 -26.804556 -0.000001 7.08225 0.106713 0.482629 -1
0 -25.684299 0.000001 -5.98734 0.106713 0.482629 -1
0 -21.573174 -0.000001 5.98734 0.106713 0.482629 -1
0 19.561684 -0.000001 5.987324 0.106713 0.482629 -1
0 -4.035463 -0.000001 5.98734 0.106713 0.482629 -1
0 19.561684 0.000001 -5.987324 0.106713 0.482629 -1
0 -8.876467 0.000001 -5.98734 0.106713 0.482629 -1
0 -4.035463 0.000001 -5.98734 0.053542 0.043363 -1
0 -25.684299 -0.000001 5.98734 0.053542 0.043363 -1
0 -25.696613 -0.000001 6.000258 0.053542 0.043363 -1
0 -25.696613 0.000001 -6.000258 0.053542 0.043363 -1
0 -26.7279 0.000001 -7.08225 0.053542 0.043363 -1
0 -25.684299 -0.000001 5.98734 0.053542 0.043363 -1
0 -21.573174 -0.000001 5.98734 0.053542 0.043363 -1
0 25.670597 -0.000001 5.98732 0.053542 0.043363 -1
0 -8.876467 -0.000001 5.98734 0.053542 0.043363 -1
0 27.552975 0.000001 -7.08223 0.053542 0.043363 -1
0 25.670597 0.000001 -5.98732 0.053542 0.043363 -1
0 19.561684 0.000001 -5.987324 0.053542 0.043363 -1
0 26.7279 -0.000001 7.08223 0.053542 0.043363 -1
0 27.552975 -0.000001 7.08223 0.056095 0.084574 -1
0 26.632084 0.000001 -6.981703 0.056095 0.084574 -1
0 -26.804556 0.000001 -7.08225 0.056095 0.084574 -1
0 -8.876467 -0.000001 5.98734 0.056095 0.084574 -1
0 27.691299 0.000001 -7.08223 0.106713 0.482629 -1
0 25.684299 0.000001 -5.98732 0.106713 0.482629 -1
0 -21.573175 0.000001 -5.98734 0.106713 0.482629 -1
0 -19.561684 0.000001 -5.98734 0.056095 0.084574 -1
0 14.588218 0.000001 -5.987321 0.056095 0.084574 -1
0 -28.005983 0.000001 -6.274899 0.056095 0.084574 -1
0 -28.005983 0.000001 -6.274899 0.019636 0.513215 -1
0 29.708624 0 -1.817393 0.019636 0.513215 -1
0 -26.7279 0.000001 -7.08225 0.019636 0.513215 -1
0 -14.588218 -0.000001 5.98734 0.019636 0.513215 -1
0 26.7279 -0.000001 7.08223 0.055766 0.124462 -1
0 26.632084 -0.000001 6.981703 0.055766 0.124462 -1
0 29.708624 0 -1.817393 0.055766 0.124462 -1
0 -14.588218 -0.000001 5.98734 0.055766 0.124462 -1
0 8.876467 -0.000001 5.98733 0.055766 0.124462 -1
0 -30.420799 -2.02568 0.079464 0.055766 0.124462 -1
0 -27.691299 -0.895072 -7.08225 0.031334 0.513215 -1
0 -27.691299 -0.895072 -7.08225 0.031334 0.513215 -1
0 -30.420799 -2.02568 0.079464 0.023005 0.513214 -1
0 -1.3274 -31.119101 0.079459 0.055766 0.124462 -1
0 -0.196788 -28.389599 -7.082255 0.055766 0.124462 -1
0 -0.196788 -28.389599 -7.082255 0.0409 0.513215 -1
0 -27.691299 -0.895072 -7.08225 0.031334 0.513215 -1
0 -30.420799 -2.02568 0.079464 0.031334 0.513215 -1
0 -1.3274 -31.119101 0.079459 0.031334 0.513215 -1
0 1.32739 -31.119101 -0.041264 0.031334 0.513215 -1
0 0.196783 -28.389599 -7.082235 0.031334 0.513215 -1
0 0.196783 -28.389599 -7.082235 0.031334 0.513215 -1
0 -0.196788 -28.389599 -7.082255 0.055766 0.124462 -1
0 -1.3274 -31.119101 0.079459 0.055766 0.124462 -1
0 1.32739 -31.119101 -0.041264 0.055766 0.124462 -1
0 30.420799 -2.02568 -0.041254 0.055766 0.124462 -1
0 27.691299 -0.895072 -7.08223 0.106713 0.482629 -1
0 27.691299 -0.895072 -7.08223 0.106713 0.482629 -1
0 0.196783 -28.389599 -7.082235 0.106713 0.482629 -1
0 1.32739 -31.119101 -0.041264 0.106713 0.482629 -1
0 30.420799 -2.02568 -0.041254 0.106713 0.482629 -1
0 27.691299 -0.895072 -7.08223 0.106713 0.482629 -1
0 30.420799 -2.02568 -0.041254 0.106713 0.482629 -1
0 -27.691299 -0.895072 -7.08225 0.056095 0.084574 -1
0 -26.7279 -0.496035 -7.08225 0.056095 0.084574 -1
0 -26.7279 -0.496035 -7.08225 0.056095 0.084574 -1
0 -27.691299 -0.895072 -7.08225 0.106713 0.482629 -1
0 -0.196788 -28.389599 -7.082255 0.106713 0.482629 -1
0 -0.000002 -27.426199 -7.082244 0.106713 0.482629 -1
0 -0.196788 -28.389599 -7.082255 0.106713 0.482629 -1
0 0.196783 -28.389599 -7.082235 0.106713 0.482629 -1
0 -0.000002 -27.426199 -7.082244 0.106713 0.482629 -1
0 0.196783 -28.389599 -7.082235 0.106713 0.482629 -1
0 27.691299 -0.895072 -7.08223 0.106713 0.482629 -1
0 26.7279 -0.496035 -7.08223 0.106713 0.482629 -1
0 26.7279 -0.496035 -7.08223 0.106713 0.482629 -1
0 -0.000002 -27.426199 -7.082244 0.053542 0.043363 -1
0 0.196783 -28.389599 -7.082235 0.053542 0.043363 -1
0 27.691299 -0.895072 -7.08223 0.053542 0.043363 -1
0 26.7279 -0.496035 -7.08223 0.053542 0.043363 -1
0 27.691299 -0.895072 -7.08223 0.049007 0.513214 -1
0 -26.7279 -0.496037 7.08225 0.0409 0.513215 -1
0 -27.691299 -0.895074 7.08225 0.057989 0.043363 -1
0 -26.7279 -0.496037 7.08225 0.055766 0.124462 -1
0 -0.000002 -27.426203 7.082236 0.098757 0.513213 -1
0 -0.196788 -28.389603 7.082245 0.053542 0.043363 -1
0 -27.691299 -0.895074 7.08225 0.098757 0.513213 -1
0 -0.000002 -27.426203 7.082236 0.09878 0.513213 -1
0 0.196783 -28.389603 7.082225 0.09878 0.512251 -1
0 -0.196788 -28.389603 7.082245 0.053542 0.043363 -1
0 26.7279 -0.496037 7.08223 0.053542 0.043363 -1
0 27.691299 -0.895074 7.08223 0.098757 0.513213 -1
0 0.196783 -28.389603 7.082225 0.09878 0.513213 -1
0 0.196783 -28.389603 7.082225 0.09878 0.512251 -1
0 -0.000002 -27.426203 7.082236 0.055766 0.124462 -1
0 26.7279 -0.496037 7.08223 0.088527 0.513214 -1
0 27.691299 -0.895074 7.08223 0.080197 0.513215 -1
0 27.691299 -0.895074 7.08223 0.088527 0.513214 -1
0 26.7279 -0.496037 7.08223 0.055766 0.124462 -1
0 -27.691299 -0.895074 7.08225 0.055766 0.124462 -1
0 -27.691299 -0.895074 7.08225 0.055766 0.124462 -1
0 -30.420799 -2.02568 0.079464 0.070632 0.513215 -1
0 -1.3274 -31.119101 0.079459 0.055766 0.124462 -1
0 -30.420799 -2.02568 0.079464 0.080197 0.513215 -1
0 -0.196788 -28.389603 7.082245 0.055766 0.124462 -1
0 -0.196788 -28.389603 7.082245 0.09878 0.512251 -1
0 -30.420799 -2.02568 0.079464 0.088527 0.513214 -1
0 -27.691299 -0.895074 7.08225 0.049007 0.513214 -1
0 -0.196788 -28.389603 7.082245 0.09878 0.512251 -1
0 0.196783 -28.389603 7.082225 0.049007 0.513214 -1
0 -1.3274 -31.119101 0.079459 0.09878 0.513213 -1
0 -1.3274 -31.119101 0.079459 0.070632 0.513215 -1
0 0.196783 -28.389603 7.082225 0.09878 0.513213 -1
0 1.32739 -31.119101 -0.041264 0.049007 0.513214 -1
0 1.32739 -31.119101 -0.041264 0.055766 0.124462 -1
0 0.196783 -28.389603 7.082225 0.011003 0.513213 -1
0 27.691299 -0.895074 7.08223 0.011003 0.505724 -1
0 27.691299 -0.895074 7.08223 0.012751 0.512251 -1
0 30.420799 -2.02568 -0.041254 0.106713 0.482629 -1
0 1.32739 -31.119101 -0.041264 0.106713 0.482629 -1
0 30.420799 -2.02568 -0.041254 0.106713 0.482629 -1
0 27.691299 -0.895074 7.08223 0.049007 0.513214 -1
0 30.420799 -2.02568 -0.041254 0.053542 0.043363 -1
0 -0.000002 -27.426199 -7.082244 0.053542 0.043363 -1
0 -26.7279 -0.496035 -7.08225 0.106713 0.482629 -1
0 -27.691299 -0.895072 -7.08225 0.106713 0.482629 -1
0 -27.691299 -0.895074 7.08225 0.106713 0.482629 -1
0 -26.7279 -0.496037 7.08225 0.106713 0.482629 -1
0 -0.000002 -27.426203 7.082236 0.106713 0.482629 -1
0 -25.684299 -0.063743 -5.98734 0.106713 0.482629 -1
0 -0.000002 -25.747698 -5.987344 0.106713 0.482629 -1
0 25.684299 -0.063743 -5.98732 0.106713 0.482629 -1
0 -0.000002 -25.747698 -5.987344 0.106713 0.482629 -1
0 -0.000002 -25.747698 -5.987344 0.106713 0.482629 -1
0 25.684299 -0.063743 -5.98732 0.106713 0.482629 -1
0 -0.000002 -25.747698 -5.987344 0.106713 0.482629 -1
0 -0.000002 -25.747698 -5.987344 0.106713 0.482629 -1
0 -0.000002 -25.747698 -5.987344 0.106713 0.482629 -1
0 -0.000002 -25.747698 -5.987344 0.106713 0.482629 -1
0 -0.000002 -25.747698 -5.987344 0.106713 0.482629 -1
0 -0.000002 -25.747698 -5.987344 0.053542 0.043363 -1
0 -0.000002 -25.747702 5.987336 0.053542 0.043363 -1
0 -25.684299 -0.063745 5.98734 0.053542 0.043363 -1
0 25.684299 -0.063745 5.98732 0.053542 0.043363 -1
0 -0.000002 -25.747702 5.987336 0.053542 0.043363 -1
0 25.684299 -0.063745 5.98732 0.053542 0.043363 -1
0 -0.000002 -25.747702 5.987336 0.053542 0.043363 -1
0 -0.000002 -25.747702 5.987336 0.053542 0.043363 -1
0 -0.000002 -25.747702 5.987336 0.053542 0.043363 -1
0 -0.000002 -25.747702 5.987336 0.053542 0.043363 -1
0 -0.000002 -25.747702 5.987336 0.053542 0.043363 -1
0 -0.000002 -25.747702 5.987336 0.053542 0.043363 -1
0 -0.000002 -25.747702 5.987336 0.053542 0.043363 -1
0 -26.7279 -0.496035 -7.08225 0.053542 0.043363 -1
0 -25.684299 -0.063743 -5.98734 0.053542 0.043363 -1
0 -25.684299 -0.063743 -5.98734 0.053542 0.043363 -1
0 -26.7279 -0.496035 -7.08225 0.055436 0.084574 -1
0 -0.000002 -27.426199 -7.082244 0.055436 0.084574 -1
0 -0.000002 -25.747698 -5.987344 0.055436 0.084574 -1
0 -0.000002 -25.747698 -5.987344 0.055436 0.084574 -1
0 -25.684299 -0.063743 -5.98734 0.055766 0.09912 -1
0 -26.7279 -0.496035 -7.08225 0.055766 0.09912 -1
0 -0.000002 -27.426199 -7.082244 0.055766 0.09912 -1
0 26.7279 -0.496035 -7.08223 0.055436 0.084574 -1
0 25.684299 -0.063743 -5.98732 0.055436 0.084574 -1
0 25.684299 -0.063743 -5.98732 0.055436 0.084574 -1
0 -0.000002 -25.747698 -5.987344 0.00939 0.499699 -1
0 -0.000002 -27.426199 -7.082244 0.00939 0.499699 -1
0 26.7279 -0.496035 -7.08223 0.00939 0.499699 -1
0 25.684299 -0.063743 -5.98732 0.01273 0.513213 -1
0 26.7279 -0.496035 -7.08223 0.01273 0.513213 -1
0 -25.684299 -0.063745 5.98734 0.01273 0.513213 -1
0 -26.7279 -0.496037 7.08225 0.056095 0.084574 -1
0 -25.684299 -0.063745 5.98734 0.056095 0.084574 -1
0 -0.000002 -25.747702 5.987336 0.056095 0.084574 -1
0 -0.000002 -27.426203 7.082236 0.056095 0.084574 -1
0 -26.7279 -0.496037 7.08225 0.011003 0.505724 -1
0 -26.7279 -0.496037 7.08225 0.011003 0.505724 -1
0 -25.684299 -0.063745 5.98734 0.011003 0.505724 -1
0 -0.000002 -25.747702 5.987336 0.100529 0.505724 -1
0 25.684299 -0.063745 5.98732 0.100529 0.505724 -1
0 26.7279 -0.496037 7.08223 0.100529 0.505724 -1
0 -0.000002 -27.426203 7.082236 0.102142 0.499699 -1
0 -0.000002 -27.426203 7.082236 0.102142 0.499699 -1
0 -0.000002 -25.747702 5.987336 0.102142 0.499699 -1
0 25.684299 -0.063745 5.98732 0.10191 0.513213 -1
0 26.7279 -0.496037 7.08223 0.10191 0.513213 -1
0 26.7279 -0.496037 7.08223 0.10191 0.513213 -1
0 25.684299 -0.063745 5.98732 0.055766 0.09912 -1
0 -30.420799 0 0.079464 0.055766 0.09912 -1
0 -28.005983 0.000001 -6.256576 0.055766 0.09912 -1
0 30.420799 0 -0.041254 0.011003 0.513213 -1
0 29.708624 0 -1.878373 0.011003 0.513213 -1
0 -19.561684 -0.000001 5.98734 0.011003 0.513213 -1
0 -14.588218 -0.000001 5.98734 0.056095 0.084574 -1
0 -27.691299 0.000001 -7.08225 0.056095 0.084574 -1
0 -26.804556 0.000001 -7.08225 0.056095 0.084574 -1
0 26.632084 -0.000001 6.981703 0.053542 0.043363 -1
0 -19.561684 0.000001 -5.98734 0.053542 0.043363 -1
0 8.876467 0.000001 -5.98733 0.053542 0.043363 -1
0 26.7279 -0.000001 7.08223 0.100529 0.513213 -1
0 25.670597 -0.000001 5.98732 0.100529 0.513213 -1
0 8.876467 -0.000001 5.98733 0.100529 0.513213 -1
0 -26.7279 0.000001 -7.08225 0.100529 0.513213 -1
0 -25.696613 0.000001 -6.000258 0.055766 0.124462 -1
0 14.588218 0.000001 -5.987321 0.055766 0.124462 -1
0 14.588218 -0.000001 5.987321 0.055766 0.124462 -1
0 -27.691299 -0.000001 7.08225 0.053542 0.043363 -1
0 25.684299 -0.000001 5.98732 0.053542 0.043363 -1
0 25.684299 0.000001 -5.98732 0.053542 0.043363 -1
0 19.561684 0.000001 -5.987324 0.106713 0.482629 -1
0 -19.561684 0.000001 -5.98734 0.106713 0.482629 -1
0 14.588218 0.000001 -5.987321 0.106713 0.482629 -1
0 -21.573175 -0.000001 5.98734 0.106713 0.482629 -1
0 -14.588218 -0.000001 5.98734 0.106713 0.482629 -1
0 -8.876467 -0.000001 5.98734 0.106713 0.482629 -1
0 25.684299 0.000001 -5.98732 0.088527 0.513214 -1
0 26.632084 0.000001 -6.981703 0.055766 0.124462 -1
0 8.876467 -0.000001 5.98733 0.012751 0.512251 -1
0 -30.420799 0 0.079464 0.011003 0.505724 -1
0 30.420799 0 -0.041254 0.053542 0.043363 -1
0 -4.035462 -0.000001 5.98734 0.053542 0.043363 -1
0 -25.696613 -0.000001 6.000258 0.053542 0.043363 -1
0 26.7279 -0.000001 7.08223 0.053542 0.043363 -1
0 25.670597 0.000001 -5.98732 0.053542 0.043363 -1
0 -26.804556 -0.000001 7.08225 0.053542 0.043363 -1
0 -4.035462 0.000001 -5.98734 0.053542 0.043363 -1
0 -28.005983 0.000001 -6.256576 0.106713 0.482629 -1
0 -25.684299 -0.000001 5.98734 0.106713 0.482629 -1
0 27.691299 0.000001 -7.08223 0.106713 0.482629 -1
0 29.708624 0 -1.878373 0.106713 0.482629 -1
0 -26.7279 0.000001 -7.08225 0.106713 0.482629 -1
0 -26.804556 0.000001 -7.08225 0.106713 0.482629 -1
0 -25.684299 -0.000001 5.98734 0.106713 0.482629 -1
0 -21.573174 0.000001 -5.98734 0.106713 0.482629 -1
0 19.561684 0.000001 -5.987324 0.106713 0.482629 -1
0 -4.035463 0.000001 -5.98734 0.106713 0.482629 -1
0 19.561684 -0.000001 5.987324 0.106713 0.482629 -1
0 -8.876467 -0.000001 5.98734 0.106713 0.482629 -1
0 -4.035463 -0.000001 5.98734 0.106713 0.482629 -1
0 -25.684299 0.000001 -5.98734 0.011003 0.513213 -1
0 -25.696613 0.000001 -6.000258 0.011003 0.513213 -1
0 -25.696613 -0.000001 6.000258 0.011003 0.513213 -1
0 -26.7279 -0.000001 7.08225 0.011003 0.513213 -1
0 -25.684299 0.000001 -5.98734 0.053542 0.043363 -1
0 -21.573174 0.000001 -5.98734 0.053542 0.043363 -1
0 25.670597 0.000001 -5.98732 0.053542 0.043363 -1
0 -8.876467 0.000001 -5.98734 0.055766 0.09912 -1
0 27.552975 -0.000001 7.08223 0.055766 0.09912 -1
0 25.670597 -0.000001 5.98732 0.055766 0.09912 -1
0 19.561684 -0.000001 5.987324 0.019636 0.513215 -1
0 26.7279 0.000001 -7.08223 0.019636 0.513215 -1
0 27.552975 0.000001 -7.08223 0.019636 0.513215 -1
0 26.632084 -0.000001 6.981703 0.019636 0.513215 -1
0 -26.804556 -0.000001 7.08225 0.100529 0.505724 -1
0 -8.876467 0.000001 -5.98734 0.100529 0.505724 -1
0 27.691299 -0.000001 7.08223 0.100529 0.505724 -1
0 25.684299 -0.000001 5.98732 0.100529 0.505724 -1
0 -21.573175 -0.000001 5.98734 0.100529 0.505724 -1
0 -19.561684 -0.000001 5.98734 0.100529 0.505724 -1
0 14.588218 -0.000001 5.987321 0.09878 0.512251 -1
0 -28.005983 -0.000001 6.274899 0.09878 0.512251 -1
0 -28.005983 -0.000001 6.274899 0.09878 0.512251 -1
0 29.708624 0 1.817393 0.055766 0.124462 -1
0 -26.7279 -0.000001 7.08225 0.055766 0.09912 -1
0 -14.588218 0.000001 -5.98734 0.055766 0.124462 -1
0 26.7279 0.000001 -7.08223 0.09878 0.513213 -1
0 26.632084 0.000001 -6.981703 0.09878 0.513213 -1
0 29.708624 0 1.817393 0.09878 0.513213 -1
0 -14.588218 0.000001 -5.98734 0.09878 0.513213 -1
0 8.876467 0.000001 -5.98733 0.09878 0.513213 -1
0 -30.420799 2.02568 0.079464 0.09878 0.513213 -1
0 -27.691299 0.895074 -7.08225 0.055766 0.124462 -1
0 -27.691299 0.895074 -7.08225 0.055766 0.124462 -1
0 -30.420799 2.02568 0.079464 0.055766 0.124462 -1
0 -1.3274 31.119101 0.079469 0.055766 0.124462 -1
0 -0.196788 28.389603 -7.082245 0.106713 0.482629 -1
0 -0.196788 28.389603 -7.082245 0.106713 0.482629 -1
0 -27.691299 0.895074 -7.08225 0.106713 0.482629 -1
0 -30.420799 2.02568 0.079464 0.106713 0.482629 -1
0 -1.3274 31.119101 0.079469 0.106713 0.482629 -1
0 1.32739 31.119101 -0.041254 0.106713 0.482629 -1
0 0.196783 28.389603 -7.082225 0.106713 0.482629 -1
0 0.196783 28.389603 -7.082225 0.056095 0.084574 -1
0 -0.196788 28.389603 -7.082245 0.056095 0.084574 -1
0 -1.3274 31.119101 0.079469 0.056095 0.084574 -1
0 1.32739 31.119101 -0.041254 0.106713 0.482629 -1
0 30.420799 2.02568 -0.041254 0.106713 0.482629 -1
0 27.691299 0.895074 -7.08223 0.106713 0.482629 -1
0 27.691299 0.895074 -7.08223 0.106713 0.482629 -1
0 0.196783 28.389603 -7.082225 0.106713 0.482629 -1
0 1.32739 31.119101 -0.041254 0.106713 0.482629 -1
0 30.420799 2.02568 -0.041254 0.106713 0.482629 -1
0 27.691299 0.895074 -7.08223 0.106713 0.482629 -1
0 30.420799 2.02568 -0.041254 0.106713 0.482629 -1
0 -27.691299 0.895074 -7.08225 0.106713 0.482629 -1
0 -26.7279 0.496037 -7.08225 0.053542 0.043363 -1
0 -26.7279 0.496037 -7.08225 0.053542 0.043363 -1
0 -27.691299 0.895074 -7.08225 0.053542 0.043363 -1
0 -0.196788 28.389603 -7.082245 0.053542 0.043363 -1
0 -0.000002 27.426203 -7.082236 0.09878 0.512251 -1
0 -0.196788 28.389603 -7.082245 0.100529 0.505724 -1
0 0.196783 28.389603 -7.082225 0.057989 0.043363 -1
0 -0.000002 27.426203 -7.082236 0.100368 0.513214 -1
0 0.196783 28.389603 -7.082225 0.01273 0.513213 -1
0 27.691299 0.895074 -7.08223 0.053542 0.043363 -1
0 26.7279 0.496037 -7.08223 0.012751 0.513213 -1
0 26.7279 0.496037 -7.08223 0.100368 0.513214 -1
0 -0.000002 27.426203 -7.082236 0.012751 0.512251 -1
0 0.196783 28.389603 -7.082225 0.053542 0.043363 -1
0 27.691299 0.895074 -7.08223 0.053542 0.043363 -1
0 26.7279 0.496037 -7.08223 0.055766 0.124462 -1
0 27.691299 0.895074 -7.08223 0.055766 0.09912 -1
0 -26.7279 0.496035 7.08225 0.012751 0.513213 -1
0 -27.691299 0.895072 7.08225 0.011003 0.505724 -1
0 -26.7279 0.496035 7.08225 0.011003 0.505724 -1
0 -0.000002 27.426199 7.082244 0.012751 0.512251 -1
0 -0.196788 28.389599 7.082255 0.055766 0.124462 -1
0 -27.691299 0.895072 7.08225 0.09878 0.512251 -1
0 -0.000002 27.426199 7.082244 0.01273 0.513213 -1
0 0.196783 28.389599 7.082235 0.01273 0.513213 -1
0 -0.196788 28.389599 7.082255 0.09878 0.512251 -1
0 26.7279 0.496035 7.08223 0.100529 0.505724 -1
0 27.691299 0.895072 7.08223 0.055766 0.09912 -1
0 0.196783 28.389599 7.082235 0.012751 0.512251 -1
0 0.196783 28.389599 7.082235 0.055766 0.09912 -1
0 -0.000002 27.426199 7.082244 0.055766 0.124462 -1
0 26.7279 0.496035 7.08223 0.012751 0.512251 -1
0 27.691299 0.895072 7.08223 0.055766 0.124462 -1
0 27.691299 0.895072 7.08223 0.055766 0.124462 -1
0 26.7279 0.496035 7.08223 0.09878 0.512251 -1
0 -27.691299 0.895072 7.08225 0.012751 0.513213 -1
0 -27.691299 0.895072 7.08225 0.012751 0.513213 -1
0 -30.420799 2.02568 0.079464 0.100368 0.513214 -1
0 -1.3274 31.119101 0.079469 0.055766 0.124462 -1
0 -30.420799 2.02568 0.079464 0.100529 0.513213 -1
0 -0.196788 28.389599 7.082255 0.100529 0.505724 -1
0 -0.196788 28.389599 7.082255 0.100529 0.505724 -1
0 -30.420799 2.02568 0.079464 0.106713 0.482629 -1
0 -27.691299 0.895072 7.08225 0.106713 0.482629 -1
0 -0.196788 28.389599 7.082255 0.106713 0.482629 -1
0 0.196783 28.389599 7.082235 0.100529 0.513213 -1
0 -1.3274 31.119101 0.079469 0.053542 0.043363 -1
0 -1.3274 31.119101 0.079469 0.053542 0.043363 -1
0 0.196783 28.389599 7.082235 0.106713 0.482629 -1
0 1.32739 31.119101 -0.041254 0.106713 0.482629 -1
0 1.32739 31.119101 -0.041254 0.106713 0.482629 -1
0 0.196783 28.389599 7.082235 0.106713 0.482629 -1
0 27.691299 0.895072 7.08223 0.106713 0.482629 -1
0 27.691299 0.895072 7.08223 0.106713 0.482629 -1
0 30.420799 2.02568 -0.041254 0.106713 0.482629 -1
0 1.32739 31.119101 -0.041254 0.106713 0.482629 -1
0 30.420799 2.02568 -0.041254 0.106713 0.482629 -1
0 27.691299 0.895072 7.08223 0.106713 0.482629 -1
0 30.420799 2.02568 -0.041254 0.106713 0.482629 -1
0 -0.000002 27.426203 -7.082236 0.106713 0.482629 -1
0 -26.7279 0.496037 -7.08225 0.106713 0.482629 -1
0 -27.691299 0.895074 -7.08225 0.106713 0.482629 -1
0 -27.691299 0.895072 7.08225 0.106713 0.482629 -1
0 -26.7279 0.496035 7.08225 0.106713 0.482629 -1
0 -0.000002 27.426199 7.082244 0.053542 0.043363 -1
0 -25.684299 0.063745 -5.98734 0.053542 0.043363 -1
0 -0.000002 25.747702 -5.987336 0.053542 0.043363 -1
0 25.684299 0.063745 -5.98732 0.053542 0.043363 -1
0 -0.000002 25.747702 -5.987336 0.053542 0.043363 -1
0 -0.000002 25.747702 -5.987336 0.053542 0.043363 -1
0 25.684299 0.063745 -5.98732 0.053542 0.043363 -1
0 -0.000002 25.747702 -5.987336 0.053542 0.043363 -1
0 -0.000002 25.747702 -5.987336 0.053542 0.043363 -1
0 -0.000002 25.747702 -5.987336 0.053542 0.043363 -1
0 -0.000002 25.747702 -5.987336 0.053542 0.043363 -1
0 -0.000002 25.747702 -5.987336 0.053542 0.043363 -1
0 -0.000002 25.747702 -5.987336 0.053542 0.043363 -1
0 -0.000002 25.747698 5.987344 0.053542 0.043363 -1
0 -25.684299 0.063743 5.98734 0.053542 0.043363 -1
0 25.684299 0.063743 5.98732 0.053542 0.043363 -1
0 -0.000002 25.747698 5.987344 0.055436 0.084574 -1
0 25.684299 0.063743 5.98732 0.055436 0.084574 -1
0 -0.000002 25.747698 5.987344 0.055436 0.084574 -1
0 -0.000002 25.747698 5.987344 0.055436 0.084574 -1
0 -0.000002 25.747698 5.987344 0.00939 0.499699 -1
0 -0.000002 25.747698 5.987344 0.00939 0.499699 -1
0 -0.000002 25.747698 5.987344 0.00939 0.499699 -1
0 -0.000002 25.747698 5.987344 0.011003 0.505724 -1
0 -0.000002 25.747698 5.987344 0.011003 0.505724 -1
0 -26.7279 0.496037 -7.08225 0.011003 0.505724 -1
0 -25.684299 0.063745 -5.98734 0.055766 0.09912 -1
0 -25.684299 0.063745 -5.98734 0.055766 0.09912 -1
0 -26.7279 0.496037 -7.08225 0.055766 0.09912 -1
0 -0.000002 27.426203 -7.082236 0.100368 0.513214 -1
0 -0.000002 25.747702 -5.987336 0.100368 0.513214 -1
0 -0.000002 25.747702 -5.987336 0.100368 0.513214 -1
0 -25.684299 0.063745 -5.98734 0.056095 0.084574 -1
0 -26.7279 0.496037 -7.08225 0.056095 0.084574 -1
0 -0.000002 27.426203 -7.082236 0.056095 0.084574 -1
0 26.7279 0.496037 -7.08223 0.056095 0.084574 -1
0 25.684299 0.063745 -5.98732 0.011003 0.505724 -1
0 25.684299 0.063745 -5.98732 0.011003 0.505724 -1
0 -0.000002 25.747702 -5.987336 0.011003 0.505724 -1
0 -0.000002 27.426203 -7.082236 0.106713 0.482629 -1
0 26.7279 0.496037 -7.08223 0.106713 0.482629 -1
0 25.684299 0.063745 -5.98732 0.106713 0.482629 -1
0 26.7279 0.496037 -7.08223 0.055766 0.09912 -1
0 -25.684299 0.063743 5.98734 0.055766 0.09912 -1
0 -26.7279 0.496035 7.08225 0.055766 0.09912 -1
0 -25.684299 0.063743 5.98734 0.011003 0.505724 -1
0 -0.000002 25.747698 5.987344 0.011003 0.505724 -1
0 -0.000002 27.426199 7.082244 0.011003 0.505724 -1
0 -26.7279 0.496035 7.08225 0.055766 0.124462 -1
0 -26.7279 0.496035 7.08225 0.055766 0.124462 -1
0 -25.684299 0.063743 5.98734 0.055766 0.124462 -1
0 -0.000002 25.747698 5.987344 0.011003 0.513213 -1
0 25.684299 0.063743 5.98732 0.011003 0.513213 -1
0 26.7279 0.496035 7.08223 0.011003 0.513213 -1
0 -0.000002 27.426199 7.082244 0.056095 0.084574 -1
0 -0.000002 27.426199 7.082244 0.056095 0.084574 -1
0 -0.000002 25.747698 5.987344 0.056095 0.084574 -1
0 25.684299 0.063743 5.98732 0.053542 0.043363 -1
0 26.7279 0.496035 7.08223 0.053542 0.043363 -1
0 26.7279 0.496035 7.08223 0.053542 0.043363 -1
0 25.684299 0.063743 5.98732 0.100529 0.513213 -1
0 -30.420799 0 0.079464 0.100529 0.513213 -1
0 -28.005983 0.000001 -6.256576 0.100529 0.513213 -1
0 30.420799 0 -0.041254 0.100529 0.513213 -1
0 29.708624 0 -1.878373 0.055436 0.084574 -1
0 -19.561684 -0.000001 5.98734 0.055436 0.084574 -1
0 -14.588218 -0.000001 5.98734 0.055436 0.084574 -1
0 -27.691299 0.000001 -7.08225 0.053542 0.043363 -1
0 -26.804556 0.000001 -7.08225 0.053542 0.043363 -1
0 26.632084 -0.000001 6.981703 0.053542 0.043363 -1
0 -19.561684 0.000001 -5.98734 0.106713 0.482629 -1
0 8.876467 0.000001 -5.98733 0.106713 0.482629 -1
0 26.7279 -0.000001 7.08223 0.106713 0.482629 -1
0 25.670597 -0.000001 5.98732 0.106713 0.482629 -1
0 8.876467 -0.000001 5.98733 0.106713 0.482629 -1
0 -26.7279 0.000001 -7.08225 0.106713 0.482629 -1
0 -25.696613 0.000001 -6.000258 0.012751 0.512251 -1
0 14.588218 0.000001 -5.987321 0.019636 0.513215 -1
0 14.588218 -0.000001 5.987321 0.023005 0.513214 -1
0 -27.691299 -0.000001 7.08225 0.012751 0.512251 -1
0 25.684299 -0.000001 5.98732 0.053542 0.043363 -1
0 25.684299 0.000001 -5.98732 0.053542 0.043363 -1
0 19.561684 0.000001 -5.987324 0.053542 0.043363 -1
0 -19.561684 0.000001 -5.98734 0.053542 0.043363 -1
0 14.588218 0.000001 -5.987321 0.053542 0.043363 -1
0 -21.573175 -0.000001 5.98734 0.053542 0.043363 -1
0 -14.588218 -0.000001 5.98734 0.053542 0.043363 -1
0 -8.876467 -0.000001 5.98734 0.106713 0.482629 -1
0 25.684299 0.000001 -5.98732 0.106713 0.482629 -1
0 26.632084 0.000001 -6.981703 0.106713 0.482629 -1
0 8.876467 -0.000001 5.98733 0.106713 0.482629 -1
0 -30.420799 0 0.079464 0.106713 0.482629 -1
0 30.420799 0 -0.041254 0.106713 0.482629 -1
0 -4.035462 -0.000001 5.98734 0.106713 0.482629 -1
0 -25.696613 -0.000001 6.000258 0.106713 0.482629 -1
0 26.7279 -0.000001 7.08223 0.106713 0.482629 -1
0 25.670597 0.000001 -5.98732 0.106713 0.482629 -1
0 -26.804556 -0.000001 7.08225 0.106713 0.482629 -1
0 -4.035462 0.000001 -5.98734 0.106713 0.482629 -1
0 -28.005983 0.000001 -6.256576 0.106713 0.482629 -1
0 -25.684299 -0.000001 5.98734 0.011003 0.513213 -1
0 27.691299 0.000001 -7.08223 0.011003 0.513213 -1
0 29.708624 0 -1.878373 0.011003 0.513213 -1
0 -26.7279 0.000001 -7.08225 0.011003 0.513213 -1
0 -26.804556 0.000001 -7.08225 0.053542 0.043363 -1
0 -25.684299 -0.000001 5.98734 0.053542 0.043363 -1
0 -21.573174 0.000001 -5.98734 0.053542 0.043363 -1
0 19.561684 0.000001 -5.987324 0.055766 0.09912 -1
0 -4.035463 0.000001 -5.98734 0.055766 0.09912 -1
0 19.561684 -0.000001 5.987324 0.055766 0.09912 -1
164
-0.9344 0 0.3561
-0.6607 -0.6607 0.3561
-0.0081 -0.9338 0.3576
-0.0163 -0.9331 0.3591
-0.0082 -0.9338 0.3576
0 -0.9344 0.3561
0.6593 -0.6593 0.3615
0.9324 0 0.3615
0 0 1
0.0001 0 1
0 0 -1
-0.326 -0.5565 -0.7643
-0.5201 -0.1358 -0.8432
0.0001 0 -1
0.1396 -0.521 -0.8421
-0.3259 -0.5565 -0.7643
0.4659 -0.2729 -0.8417
0.1397 -0.521 -0.8421
-0.539 -0.0306 -0.8417
0.5363 0.062 -0.8417
-0.9256 -0.323 0.1972
-0.4707 0.3112 -0.8256
-0.5201 -0.1359 -0.8432
-0.2277 -0.8944 -0.385
-0.7961 -0.4663 -0.3856
-0.5201 -0.1359 -0.8433
-0.326 -0.5564 -0.7643
-0.2277 -0.8944 -0.3851
0.472 -0.7956 -0.3798
0.1396 -0.5209 -0.8421
0.895 -0.2338 -0.38
0.8569 0.1896 -0.4794
0.8149 0.4721 -0.3363
0.8949 -0.2338 -0.38
-0.5201 -0.1358 -0.8433
0.7239 0 0.6899
0.4822 0.4786 0.7337
0.5118 0.5119 0.6899
-0.5134 0.5095 0.6905
-0.4794 0.4795 0.735
-0.7239 0 0.6899
0.7239 0 -0.69
0.4822 0.4786 -0.7337
0.5118 0.5119 -0.6899
-0.5134 0.5095 -0.6905
-0.4795 0.4795 -0.735
-0.7239 0 -0.6899
0.7239 0 -0.6899
-0.7961 -0.4664 -0.3856
-0.9927 -0.0227 0.1187
-0.8451 0.1672 -0.5078
0.9324 0 0.3614
-0.6607 0.6607 0.3561
-0.0081 0.9338 0.3576
-0.0163 0.9331 0.3591
-0.0082 0.9338 0.3576
0 0.9344 0.3561
0.6593 0.6593 0.3615
-0.5201 0.1358 -0.8432
-0.326 0.5565 -0.7643
-0.3259 0.5565 -0.7643
0.1396 0.521 -0.8421
0.4659 0.2729 -0.8417
0.1397 0.521 -0.8421
-0.539 0.0306 -0.8417
0.5363 -0.062 -0.8417
-0.9256 0.323 0.1972
-0.5201 0.1359 -0.8432
-0.4707 -0.3112 -0.8256
-0.2277 0.8944 -0.385
-0.7961 0.4663 -0.3856
-0.5201 0.1359 -0.8433
-0.326 0.5564 -0.7643
-0.2277 0.8944 -0.3851
0.472 0.7956 -0.3798
0.1396 0.5209 -0.8421
0.895 0.2338 -0.38
0.8569 -0.1896 -0.4794
0.8949 0.2338 -0.38
0.8149 -0.4721 -0.3363
0.4822 -0.4786 0.7337
0.5118 -0.5119 0.6899
-0.5134 -0.5095 0.6905
-0.4794 -0.4795 0.735
0.4822 -0.4786 -0.7337
0.5118 -0.5119 -0.6899
-0.5134 -0.5095 -0.6905
-0.4795 -0.4795 -0.735
0.7238 0 0.69
-0.8451 -0.1672 -0.5078
-0.9927 0.0227 0.1187
-0.7961 0.4664 -0.3856
-0.9344 0 -0.3561
-0.6607 -0.6607 -0.3561
-0.0081 -0.9338 -0.3576
-0.0163 -0.9331 -0.3591
-0.0082 -0.9338 -0.3576
0 -0.9344 -0.3561
0.6593 -0.6593 -0.3615
0.9324 0 -0.3615
-0.5201 -0.1358 0.8432
-0.326 -0.5565 0.7643
-0.3259 -0.5565 0.7643
0.1396 -0.521 0.8421
0.4659 -0.2729 0.8417
0.1397 -0.521 0.8421
-0.539 -0.0306 0.8417
0.5363 0.062 0.8417
-0.9256 -0.323 -0.1972
-0.5201 -0.1359 0.8432
-0.4707 0.3112 0.8256
-0.2277 -0.8944 0.385
-0.7961 -0.4663 0.3856
-0.5201 -0.1359 0.8433
-0.326 -0.5564 0.7643
-0.2277 -0.8944 0.3851
0.472 -0.7956 0.3798
0.1396 -0.5209 0.8421
0.895 -0.2338 0.38
0.8569 0.1896 0.4794
0.8949 -0.2338 0.38
0.8149 0.4721 0.3363
-0.4794 0.4795 -0.735
0.7239 0 0.69
-0.4795 0.4795 0.735
0.7238 0 -0.69
-0.8451 0.1672 0.5078
-0.9927 -0.0227 -0.1187
-0.7961 -0.4664 0.3856
0.9324 0 -0.3614
-0.6607 0.6607 -0.3561
-0.0081 0.9338 -0.3576
-0.0163 0.9331 -0.3591
-0.0082 0.9338 -0.3576
0 0.9344 -0.3561
0.6593 0.6593 -0.3615
-0.326 0.5565 0.7643
-0.5201 0.1358 0.8432
0.1396 0.521 0.8421
-0.3259 0.5565 0.7643
0.4659 0.2729 0.8417
0.1397 0.521 0.8421
-0.539 0.0306 0.8417
0.5363 -0.062 0.8417
-0.9256 0.323 -0.1972
-0.4707 -0.3112 0.8256
-0.5201 0.1359 0.8432
-0.2277 0.8944 0.385
-0.7961 0.4663 0.3856
-0.5201 0.1359 0.8433
-0.326 0.5564 0.7643
-0.2277 0.8944 0.3851
0.472 0.7956 0.3798
0.1396 0.5209 0.8421
0.895 0.2338 0.38
0.8569 -0.1896 0.4794
0.8149 -0.4721 0.3363
0.8949 0.2338 0.38
-0.5201 0.1358 0.8433
-0.4794 -0.4795 -0.735
-0.4795 -0.4795 0.735
-0.7961 0.4664 0.3856
-0.9927 0.0227 -0.1187
-0.8451 -0.1672 0.5078
328
0 0 1 2 6 6 6 1
0 0 2 3 6 6 6 1
0 4 5 6 7 7 7 1
0 7 8 9 7 7 7 1
0 10 11 12 8 9 8 1
0 13 14 15 10 11 10 1
0 16 17 18 12 12 12 1
0 19 20 21 12 12 12 1
0 22 23 24 13 13 13 1
0 22 24 25 13 13 13 1
0 26 27 28 14 14 14 1
0 26 28 29 14 14 14 1
0 30 31 32 14 14 14 1
0 33 34 35 15 15 15 1
0 36 37 38 14 14 14 1
0 39 40 41 14 14 14 1
0 42 43 44 14 14 14 1
0 42 44 45 14 14 14 1
0 46 47 48 16 16 16 1
0 49 50 51 16 17 18 1
0 52 53 54 19 20 21 1
0 55 56 57 16 22 20 1
0 58 59 60 23 16 16 1
0 61 62 63 24 25 22 1
0 64 65 66 26 27 28 1
0 67 68 69 29 30 21 1
0 70 71 72 21 30 31 1
0 73 74 75 32 23 33 1
0 76 77 78 29 23 34 1
0 79 80 81 34 35 22 1
0 82 83 84 22 36 34 1
0 85 86 87 37 38 39 1
0 88 89 90 14 14 14 1
0 91 92 93 40 16 16 1
0 94 95 96 14 14 14 1
0 94 96 97 14 14 14 1
0 98 99 100 14 14 14 1
0 101 102 103 14 14 14 1
0 104 105 106 14 14 14 1
0 107 108 109 14 14 14 1
0 110 111 112 16 16 16 1
0 113 114 115 16 16 16 1
0 113 115 116 16 16 16 1
0 117 118 119 16 16 16 1
0 120 121 122 16 16 16 1
0 123 124 125 16 16 16 1
0 126 127 128 41 41 41 1
0 126 128 129 41 41 41 1
0 130 131 132 42 42 42 1
0 133 134 135 43 43 43 1
0 136 137 138 44 44 44 1
0 139 140 141 45 45 45 1
0 142 143 144 46 46 46 1
0 142 144 145 46 46 46 1
0 146 147 148 47 47 47 1
0 149 150 151 48 48 48 1
0 152 153 154 49 49 49 1
0 155 156 157 50 50 50 1
0 158 159 160 51 51 51 1
0 161 162 163 52 52 52 1
0 164 165 166 46 46 46 1
0 167 168 169 16 16 16 1
0 170 171 172 53 53 53 1
0 170 172 173 53 53 53 1
0 174 175 176 41 41 41 1
0 177 178 179 16 16 16 1
0 180 181 182 14 14 14 1
0 183 184 185 14 14 14 1
0 186 187 188 28 54 55 1
0 186 188 189 28 55 56 1
0 190 191 192 16 16 16 1
0 193 194 195 16 16 16 1
0 193 195 196 16 16 16 1
0 197 198 199 14 14 14 1
0 197 199 200 14 14 14 1
0 201 202 203 14 14 14 1
0 204 205 206 14 14 14 1
0 207 208 209 14 14 14 1
0 210 211 212 52 52 52 1
0 210 212 213 52 52 52 1
0 214 215 216 16 16 16 1
0 217 218 219 57 57 57 1
0 220 221 222 6 6 6 1
0 220 222 223 6 6 6 1
0 224 225 226 58 58 58 1
0 227 228 229 58 58 58 1
0 230 231 232 59 59 60 1
0 233 234 235 61 61 62 1
0 236 237 238 63 63 63 1
0 239 240 241 63 63 63 1
0 242 243 244 13 13 13 1
0 242 244 245 13 13 13 1
0 246 247 248 14 14 14 1
0 246 248 249 14 14 14 1
0 250 251 252 14 14 14 1
0 253 254 255 15 15 15 1
0 256 257 258 14 14 14 1
0 259 260 261 14 14 14 1
0 262 263 264 14 14 14 1
0 262 264 265 14 14 14 1
0 266 267 268 16 16 16 1
0 269 270 271 16 64 65 1
0 272 273 274 19 66 67 1
0 275 276 277 16 67 68 1
0 278 279 280 69 16 16 1
0 281 282 283 70 68 71 1
0 284 285 286 72 73 74 1
0 287 288 289 75 66 76 1
0 290 291 292 66 77 76 1
0 293 294 295 78 79 69 1
0 296 297 298 75 80 69 1
0 299 300 301 80 68 81 1
0 302 303 304 68 80 82 1
0 305 306 307 83 84 85 1
0 308 309 310 14 14 14 1
0 311 312 313 64 16 16 1
0 314 315 316 14 14 14 1
0 314 316 317 14 14 14 1
0 318 319 320 14 14 14 1
0 321 322 323 14 14 14 1
0 324 325 326 14 14 14 1
0 327 328 329 14 14 14 1
0 330 331 332 16 16 16 1
0 333 334 335 16 16 16 1
0 333 335 336 16 16 16 1
0 337 338 339 16 16 16 1
0 340 341 342 16 16 16 1
0 343 344 345 16 16 16 1
0 346 347 348 41 41 41 1
0 346 348 349 41 41 41 1
0 350 351 352 86 86 86 1
0 353 354 355 87 87 87 1
0 356 357 358 88 88 88 1
0 359 360 361 89 89 89 1
0 362 363 364 46 46 46 1
0 362 364 365 46 46 46 1
0 366 367 368 47 47 47 1
0 369 370 371 90 90 90 1
0 372 373 374 91 91 91 1
0 375 376 377 92 92 92 1
0 378 379 380 93 93 93 1
0 381 382 383 52 52 52 1
0 384 385 386 46 46 46 1
0 387 388 389 16 16 16 1
0 390 391 392 53 53 53 1
0 390 392 393 53 53 53 1
0 394 395 396 94 94 94 1
0 397 398 399 16 16 16 1
0 400 401 402 14 14 14 1
0 403 404 405 14 14 14 1
0 406 407 408 73 95 96 1
0 406 408 409 73 96 97 1
0 410 411 412 16 16 16 1
0 413 414 415 16 16 16 1
0 413 415 416 16 16 16 1
0 417 418 419 14 14 14 1
0 417 419 420 14 14 14 1
0 421 422 423 14 14 14 1
0 424 425 426 14 14 14 1
0 427 428 429 14 14 14 1
0 430 431 432 52 52 52 1
0 430 432 433 52 52 52 1
0 434 435 436 16 16 16 1
0 437 438 439 57 57 57 1
0 440 441 442 98 98 98 1
0 440 442 443 98 98 98 1
0 444 445 446 99 99 99 1
0 447 448 449 99 99 99 1
0 450 451 452 100 100 101 1
0 453 454 455 102 102 103 1
0 456 457 458 104 104 104 1
0 459 460 461 104 104 104 1
0 462 463 464 105 105 105 1
0 462 464 465 105 105 105 1
0 466 467 468 16 16 16 1
0 466 468 469 16 16 16 1
0 470 471 472 16 16 16 1
0 473 474 475 19 19 19 1
0 476 477 478 16 16 16 1
0 479 480 481 16 16 16 1
0 482 483 484 16 16 16 1
0 482 484 485 16 16 16 1
0 486 487 488 14 14 14 1
0 489 490 491 14 106 107 1
0 492 493 494 15 108 109 1
0 495 496 497 14 109 110 1
0 498 499 500 111 14 14 1
0 501 502 503 112 110 113 1
0 504 505 506 114 115 116 1
0 507 508 509 117 108 118 1
0 510 511 512 108 119 118 1
0 513 514 515 120 121 111 1
0 516 517 518 117 122 111 1
0 519 520 521 122 110 123 1
0 522 523 524 110 122 124 1
0 525 526 527 125 126 127 1
0 528 529 530 16 16 16 1
0 531 532 533 106 14 14 1
0 534 535 536 16 16 16 1
0 534 536 537 16 16 16 1
0 538 539 540 16 16 16 1
0 541 542 543 16 16 16 1
0 544 545 546 16 16 16 1
0 547 548 549 16 16 16 1
0 550 551 552 14 14 14 1
0 553 554 555 14 14 14 1
0 553 555 556 14 14 14 1
0 557 558 559 14 14 14 1
0 560 561 562 14 14 14 1
0 563 564 565 14 14 14 1
0 566 567 568 53 53 53 1
0 566 568 569 53 53 53 1
0 570 571 572 48 48 48 1
0 573 574 575 49 49 49 1
0 576 577 578 50 50 50 1
0 579 580 581 128 128 128 1
0 582 583 584 52 52 52 1
0 582 584 585 52 52 52 1
0 586 587 588 129 129 129 1
0 589 590 591 42 42 42 1
0 592 593 594 43 43 43 1
0 595 596 597 44 44 44 1
0 598 599 600 130 130 130 1
0 601 602 603 46 46 46 1
0 604 605 606 52 52 52 1
0 607 608 609 14 14 14 1
0 610 611 612 41 41 41 1
0 610 612 613 41 41 41 1
0 614 615 616 131 131 131 1
0 617 618 619 14 14 14 1
0 620 621 622 16 16 16 1
0 623 624 625 16 16 16 1
0 626 627 628 115 132 133 1
0 626 628 629 115 133 134 1
0 630 631 632 14 14 14 1
0 633 634 635 14 14 14 1
0 633 635 636 14 14 14 1
0 637 638 639 16 16 16 1
0 637 639 640 16 16 16 1
0 641 642 643 16 16 16 1
0 644 645 646 16 16 16 1
0 647 648 649 16 16 16 1
0 650 651 652 46 46 46 1
0 650 652 653 46 46 46 1
0 654 655 656 14 14 14 1
0 657 658 659 135 135 135 1
0 660 661 662 98 98 98 1
0 660 662 663 98 98 98 1
0 664 665 666 136 136 136 1
0 667 668 669 136 136 136 1
0 670 671 672 137 138 137 1
0 673 674 675 139 140 139 1
0 676 677 678 141 141 141 1
0 679 680 681 141 141 141 1
0 682 683 684 105 105 105 1
0 682 684 685 105 105 105 1
0 686 687 688 16 16 16 1
0 686 688 689 16 16 16 1
0 690 691 692 16 16 16 1
0 693 694 695 19 19 19 1
0 696 697 698 16 16 16 1
0 699 700 701 16 16 16 1
0 702 703 704 16 16 16 1
0 702 704 705 16 16 16 1
0 706 707 708 14 14 14 1
0 709 710 711 14 142 143 1
0 712 713 714 15 144 145 1
0 715 716 717 14 146 144 1
0 718 719 720 147 14 14 1
0 721 722 723 148 149 146 1
0 724 725 726 150 151 152 1
0 727 728 729 153 154 145 1
0 730 731 732 145 154 155 1
0 733 734 735 156 147 157 1
0 736 737 738 153 147 158 1
0 739 740 741 158 159 146 1
0 742 743 744 146 160 158 1
0 745 746 747 161 162 163 1
0 748 749 750 16 16 16 1
0 751 752 753 164 14 14 1
0 754 755 756 16 16 16 1
0 754 756 757 16 16 16 1
0 758 759 760 16 16 16 1
0 761 762 763 16 16 16 1
0 764 765 766 16 16 16 1
0 767 768 769 16 16 16 1
0 770 771 772 14 14 14 1
0 773 774 775 14 14 14 1
0 773 775 776 14 14 14 1
0 777 778 779 14 14 14 1
0 780 781 782 14 14 14 1
0 783 784 785 14 14 14 1
0 786 787 788 53 53 53 1
0 786 788 789 53 53 53 1
0 790 791 792 90 90 90 1
0 793 794 795 91 91 91 1
0 796 797 798 92 92 92 1
0 799 800 801 165 165 165 1
0 802 803 804 52 52 52 1
0 802 804 805 52 52 52 1
0 806 807 808 129 129 129 1
0 809 810 811 86 86 86 1
0 812 813 814 87 87 87 1
0 815 816 817 88 88 88 1
0 818 819 820 166 166 166 1
0 821 822 823 46 46 46 1
0 824 825 826 52 52 52 1
0 827 828 829 14 14 14 1
0 830 831 832 41 41 41 1
0 830 832 833 41 41 41 1
0 834 835 836 53 53 53 1
0 837 838 839 14 14 14 1
0 840 841 842 16 16 16 1
0 843 844 845 16 16 16 1
0 846 847 848 152 167 168 1
0 846 848 849 152 168 169 1
0 850 851 852 14 14 14 1
0 853 854 855 14 14 14 1
0 853 855 856 14 14 14 1
0 857 858 859 16 16 16 1
0 857 859 860 16 16 16 1
0 861 862 863 16 16 16 1
0 864 865 866 16 16 16 1
0 867 868 869 16 16 16 1
0 870 871 872 46 46 46 1
0 870 872 873 46 46 46 1
0 874 875 876 14 14 14 1
0 877 878 879 135 135 135 1
Materials: 1
"1_-_Default"
1.000000 1.000000 1.000000 1
0.800000 0.800000 0.800000 1
0.500000 0.500000 0.500000 1
0.000000 0.000000 0.000000 1
225.000000
1.000000
""
""
Bones: 1
"Bone01"
""
0 0 0 0 0 0 0
1
1 0 0 0
1
1 0 0 0

GroupComments: 0
MaterialComments: 0
BoneComments: 0
ModelComment: 0