// MilkShape 3D ASCII

Frames: 30
Frame: 1

Meshes: 2
"Center_Inside" 1 0
36
0 0.000000 -0.000000 5.443700 0.535300 0.783691 -1
0 0.000000 18.043301 5.443700 0.544500 0.137817 -1
0 -3.247900 18.043301 5.443700 0.542800 0.021484 -1
0 0.000000 -0.000000 5.443700 0.535300 0.783691 -1
0 -3.247900 18.043301 5.443700 0.542800 0.021484 -1
0 -18.043301 -0.000000 5.443700 0.526100 0.137817 -1
0 -3.247900 18.043301 5.443700 0.542800 0.021484 -1
0 -18.043301 3.247900 5.443700 0.527800 0.021484 -1
0 -18.043301 -0.000000 5.443700 0.526100 0.137817 -1
0 0.000000 -0.000000 5.443700 0.535300 0.783691 -1
0 -0.000000 -18.043301 5.443700 0.544500 0.137817 -1
0 3.247900 -18.043301 5.443700 0.542800 0.021484 -1
0 0.000000 -0.000000 5.443700 0.535300 0.783691 -1
0 3.247900 -18.043301 5.443700 0.542800 0.021484 -1
0 18.043301 -0.000000 5.443700 0.526100 0.137817 -1
0 3.247900 -18.043301 5.443700 0.542800 0.021484 -1
0 18.043301 -3.247900 5.443700 0.527800 0.021484 -1
0 18.043301 -0.000000 5.443700 0.526100 0.137817 -1
0 0.000000 -0.000000 5.443700 0.535300 0.783691 -1
0 -18.043301 -0.000000 5.443700 0.544500 0.137817 -1
0 -18.043301 -3.247900 5.443700 0.542800 0.021484 -1
0 0.000000 -0.000000 5.443700 0.535300 0.783691 -1
0 -18.043301 -3.247900 5.443700 0.542800 0.021484 -1
0 -0.000000 -18.043301 5.443700 0.526100 0.137817 -1
0 -18.043301 -3.247900 5.443700 0.542800 0.021484 -1
0 -3.247900 -18.043301 5.443700 0.527800 0.021484 -1
0 -0.000000 -18.043301 5.443700 0.526100 0.137817 -1
0 0.000000 -0.000000 5.443700 0.535300 0.783691 -1
0 18.043301 -0.000000 5.443700 0.544500 0.137817 -1
0 18.043301 3.247900 5.443700 0.542800 0.021484 -1
0 0.000000 -0.000000 5.443700 0.535300 0.783691 -1
0 18.043301 3.247900 5.443700 0.542800 0.021484 -1
0 0.000000 18.043301 5.443700 0.526100 0.137817 -1
0 18.043301 3.247900 5.443700 0.542800 0.021484 -1
0 3.247900 18.043301 5.443700 0.527800 0.021484 -1
0 0.000000 18.043301 5.443700 0.526100 0.137817 -1
1
0.000000 0.000000 1.000000
12
1 0 1 2 0 0 0 1
1 3 4 5 0 0 0 1
1 6 7 8 0 0 0 1
1 9 10 11 0 0 0 1
1 12 13 14 0 0 0 1
1 15 16 17 0 0 0 1
1 18 19 20 0 0 0 1
1 21 22 23 0 0 0 1
1 24 25 26 0 0 0 1
1 27 28 29 0 0 0 1
1 30 31 32 0 0 0 1
1 33 34 35 0 0 0 1
"Center_Shell" 0 1
114
3 -18.292400 -3.292700 5.500000 0.215100 0.084300 -1
3 -3.292700 -18.292400 5.500000 0.044700 0.425200 -1
3 3.292700 -18.292400 5.500000 0.044700 0.574800 -1
3 -18.292400 -3.292700 5.500000 0.215100 0.084300 -1
3 3.292700 -18.292400 5.500000 0.044700 0.574800 -1
3 -3.292700 18.292400 5.500000 0.460400 0.425200 -1
3 3.292700 -18.292400 5.500000 0.044700 0.574800 -1
3 18.292400 -3.292700 5.500000 0.215100 0.915700 -1
3 18.292400 3.292700 5.500000 0.290000 0.915700 -1
3 3.292700 -18.292400 5.500000 0.044700 0.574800 -1
3 18.292400 3.292700 5.500000 0.290000 0.915700 -1
3 -3.292700 18.292400 5.500000 0.460400 0.425200 -1
3 18.292400 3.292700 5.500000 0.290000 0.915700 -1
3 3.292700 18.292400 5.500000 0.460400 0.574800 -1
3 -3.292700 18.292400 5.500000 0.460400 0.425200 -1
3 -18.292400 3.292700 5.500000 0.290000 0.084300 -1
3 -18.292400 -3.292700 5.500000 0.215100 0.084300 -1
3 -3.292700 18.292400 5.500000 0.460400 0.425200 -1
3 -20.500000 4.207100 0.000000 0.059500 0.024800 -1
3 -20.500000 -4.207100 0.000000 0.049900 0.024800 -1
3 -20.000000 -4.000000 0.750000 0.050200 0.025900 -1
3 -20.500000 4.207100 0.000000 0.059500 0.024800 -1
3 -20.000000 -4.000000 0.750000 0.050200 0.025900 -1
3 -20.000000 4.000000 0.750000 0.059200 0.025900 -1
3 -20.500000 -4.207100 0.000000 0.049900 0.024800 -1
3 -4.207100 -20.500000 -0.000000 0.031400 0.061800 -1
3 -4.000000 -20.000000 0.750000 0.032000 0.062300 -1
3 -20.500000 -4.207100 0.000000 0.049900 0.024800 -1
3 -4.000000 -20.000000 0.750000 0.032000 0.062300 -1
3 -20.000000 -4.000000 0.750000 0.050200 0.025900 -1
3 -4.207100 -20.500000 -0.000000 0.031400 0.061800 -1
3 4.207100 -20.500000 -0.000000 0.031400 0.080900 -1
3 4.000000 -20.000000 0.750000 0.032000 0.080400 -1
3 -4.207100 -20.500000 -0.000000 0.031400 0.061800 -1
3 4.000000 -20.000000 0.750000 0.032000 0.080400 -1
3 -4.000000 -20.000000 0.750000 0.032000 0.062300 -1
3 4.207100 -20.500000 -0.000000 0.031400 0.080900 -1
3 20.500000 -4.207100 -0.000000 0.049900 0.117900 -1
3 20.000000 -4.000000 0.750000 0.050200 0.116800 -1
3 4.207100 -20.500000 -0.000000 0.031400 0.080900 -1
3 20.000000 -4.000000 0.750000 0.050200 0.116800 -1
3 4.000000 -20.000000 0.750000 0.032000 0.080400 -1
3 20.500000 -4.207100 -0.000000 0.049900 0.117900 -1
3 20.500000 4.207100 -0.000000 0.059500 0.117900 -1
3 20.000000 4.000000 0.750000 0.059200 0.116800 -1
3 20.500000 -4.207100 -0.000000 0.049900 0.117900 -1
3 20.000000 4.000000 0.750000 0.059200 0.116800 -1
3 20.000000 -4.000000 0.750000 0.050200 0.116800 -1
3 20.500000 4.207100 -0.000000 0.059500 0.117900 -1
3 4.207100 20.500000 0.000000 0.078000 0.080900 -1
3 4.000000 20.000000 0.750000 0.077400 0.080400 -1
3 20.500000 4.207100 -0.000000 0.059500 0.117900 -1
3 4.000000 20.000000 0.750000 0.077400 0.080400 -1
3 20.000000 4.000000 0.750000 0.059200 0.116800 -1
3 4.207100 20.500000 0.000000 0.078000 0.080900 -1
3 -4.207100 20.500000 0.000000 0.078000 0.061800 -1
3 -4.000000 20.000000 0.750000 0.077400 0.062300 -1
3 4.207100 20.500000 0.000000 0.078000 0.080900 -1
3 -4.000000 20.000000 0.750000 0.077400 0.062300 -1
3 4.000000 20.000000 0.750000 0.077400 0.080400 -1
3 -4.207100 20.500000 0.000000 0.078000 0.061800 -1
3 -20.500000 4.207100 0.000000 0.059500 0.024800 -1
3 -20.000000 4.000000 0.750000 0.059200 0.025900 -1
3 -4.207100 20.500000 0.000000 0.078000 0.061800 -1
3 -20.000000 4.000000 0.750000 0.059200 0.025900 -1
3 -4.000000 20.000000 0.750000 0.077400 0.062300 -1
3 -20.000000 4.000000 0.750000 0.298000 0.045500 -1
3 -20.000000 -4.000000 0.750000 0.207100 0.045500 -1
3 -18.292400 -3.292700 5.500000 0.215100 0.084300 -1
3 -20.000000 4.000000 0.750000 0.298000 0.045500 -1
3 -18.292400 -3.292700 5.500000 0.215100 0.084300 -1
3 -18.292400 3.292700 5.500000 0.290000 0.084300 -1
3 -20.000000 -4.000000 0.750000 0.207100 0.045500 -1
3 -4.000000 -20.000000 0.750000 0.025300 0.409100 -1
3 -3.292700 -18.292400 5.500000 0.044700 0.425200 -1
3 -20.000000 -4.000000 0.750000 0.207100 0.045500 -1
3 -3.292700 -18.292400 5.500000 0.044700 0.425200 -1
3 -18.292400 -3.292700 5.500000 0.215100 0.084300 -1
3 -4.000000 -20.000000 0.750000 0.025300 0.409100 -1
3 4.000000 -20.000000 0.750000 0.025300 0.590900 -1
3 3.292700 -18.292400 5.500000 0.044700 0.574800 -1
3 -4.000000 -20.000000 0.750000 0.025300 0.409100 -1
3 3.292700 -18.292400 5.500000 0.044700 0.574800 -1
3 -3.292700 -18.292400 5.500000 0.044700 0.425200 -1
3 4.000000 -20.000000 0.750000 0.025300 0.590900 -1
3 20.000000 -4.000000 0.750000 0.207100 0.954500 -1
3 18.292400 -3.292700 5.500000 0.215100 0.915700 -1
3 4.000000 -20.000000 0.750000 0.025300 0.590900 -1
3 18.292400 -3.292700 5.500000 0.215100 0.915700 -1
3 3.292700 -18.292400 5.500000 0.044700 0.574800 -1
3 20.000000 -4.000000 0.750000 0.207100 0.954500 -1
3 20.000000 4.000000 0.750000 0.298000 0.954500 -1
3 18.292400 3.292700 5.500000 0.290000 0.915700 -1
3 20.000000 -4.000000 0.750000 0.207100 0.954500 -1
3 18.292400 3.292700 5.500000 0.290000 0.915700 -1
3 18.292400 -3.292700 5.500000 0.215100 0.915700 -1
3 20.000000 4.000000 0.750000 0.298000 0.954500 -1
3 4.000000 20.000000 0.750000 0.479800 0.590900 -1
3 3.292700 18.292400 5.500000 0.460400 0.574800 -1
3 20.000000 4.000000 0.750000 0.298000 0.954500 -1
3 3.292700 18.292400 5.500000 0.460400 0.574800 -1
3 18.292400 3.292700 5.500000 0.290000 0.915700 -1
3 4.000000 20.000000 0.750000 0.479800 0.590900 -1
3 -4.000000 20.000000 0.750000 0.479800 0.409100 -1
3 -3.292700 18.292400 5.500000 0.460400 0.425200 -1
3 4.000000 20.000000 0.750000 0.479800 0.590900 -1
3 -3.292700 18.292400 5.500000 0.460400 0.425200 -1
3 3.292700 18.292400 5.500000 0.460400 0.574800 -1
3 -4.000000 20.000000 0.750000 0.479800 0.409100 -1
3 -20.000000 4.000000 0.750000 0.298000 0.045500 -1
3 -18.292400 3.292700 5.500000 0.290000 0.084300 -1
3 -4.000000 20.000000 0.750000 0.479800 0.409100 -1
3 -18.292400 3.292700 5.500000 0.290000 0.084300 -1
3 -3.292700 18.292400 5.500000 0.460400 0.425200 -1
17
0.000000 0.000000 1.000000
-0.832050 0.000000 0.554700
-0.588350 -0.588350 0.554696
0.000000 -0.832050 0.554700
0.588350 -0.588350 0.554696
0.832050 0.000000 0.554700
0.588350 0.588350 0.554696
0.000000 0.832050 0.554700
-0.588350 0.588350 0.554696
-0.941039 0.000000 0.338298
-0.665415 -0.665415 0.338297
0.000000 -0.941039 0.338298
0.665415 -0.665415 0.338297
0.941039 0.000000 0.338298
0.665415 0.665415 0.338297
0.000000 0.941039 0.338298
-0.665415 0.665415 0.338297
38
0 0 1 2 0 0 0 1
0 3 4 5 0 0 0 1
0 6 7 8 0 0 0 1
0 9 10 11 0 0 0 1
0 12 13 14 0 0 0 1
0 15 16 17 0 0 0 1
0 18 19 20 1 1 1 1
0 21 22 23 1 1 1 1
0 24 25 26 2 2 2 1
0 27 28 29 2 2 2 1
0 30 31 32 3 3 3 1
0 33 34 35 3 3 3 1
0 36 37 38 4 4 4 1
0 39 40 41 4 4 4 1
0 42 43 44 5 5 5 1
0 45 46 47 5 5 5 1
0 48 49 50 6 6 6 1
0 51 52 53 6 6 6 1
0 54 55 56 7 7 7 1
0 57 58 59 7 7 7 1
0 60 61 62 8 8 8 1
0 63 64 65 8 8 8 1
0 66 67 68 9 9 9 1
0 69 70 71 9 9 9 1
0 72 73 74 10 10 10 1
0 75 76 77 10 10 10 1
0 78 79 80 11 11 11 1
0 81 82 83 11 11 11 1
0 84 85 86 12 12 12 1
0 87 88 89 12 12 12 1
0 90 91 92 13 13 13 1
0 93 94 95 13 13 13 1
0 96 97 98 14 14 14 1
0 99 100 101 14 14 14 1
0 102 103 104 15 15 15 1
0 105 106 107 15 15 15 1
0 108 109 110 16 16 16 1
0 111 112 113 16 16 16 1

Materials: 2
"NoteScroller"
0.000000 0.000000 0.000000 1.000000
1.176400 1.176400 1.176400 1.000000
0.000000 0.000000 0.000000 1.000000
0.000000 0.000000 0.000000 1.000000
0.192000
1.000000
"materials/CenterNoteScroller.ini"
""
"NoteScroller"
0.000000 0.000000 0.000000 1.000000
1.176400 1.176400 1.176400 1.000000
0.000000 0.000000 0.000000 1.000000
0.000000 0.000000 0.000000 1.000000
0.192000
1.000000
"materials/CenterNoteStatic.ini"
""

Bones: 0
GroupComments: 0
MaterialComments: 0
BoneComments: 0
ModelComment: 0
