// MilkShape 3D ASCII

Frames: 30
Frame: 1

Meshes: 2
"Arrow_Inner" 1 0
42
0 -27.409800 3.341300 5.292800 0.536500 0.921401 -1
0 -27.409800 -1.341300 5.292800 0.536800 0.846450 -1
0 0.000000 -28.751200 5.292800 0.536800 0.004531 -1
0 -27.409800 3.341300 5.292800 0.536500 0.921401 -1
0 0.000000 -28.751200 5.292800 0.536800 0.004531 -1
0 -6.409800 -2.839000 5.292800 0.535600 0.517715 -1
0 0.000000 -28.751200 5.292800 0.536800 0.004531 -1
0 -0.000000 28.409800 5.292900 0.533400 0.883926 -1
0 -3.341300 28.409800 5.292900 0.533600 0.936660 -1
0 0.000000 -28.751200 5.292800 0.536800 0.004531 -1
0 -3.341300 28.409800 5.292900 0.533600 0.936660 -1
0 -6.409800 -2.839000 5.292800 0.535600 0.517715 -1
0 -3.341300 28.409800 5.292900 0.533600 0.936660 -1
0 -6.409800 25.341299 5.292900 0.534000 0.936660 -1
0 -6.409800 -2.839000 5.292800 0.535600 0.517715 -1
0 -27.409800 3.341300 5.292800 0.536500 0.921401 -1
0 -6.409800 -2.839000 5.292800 0.535600 0.517715 -1
0 -17.658701 8.409800 5.292800 0.535600 0.846450 -1
0 -27.409800 3.341300 5.292800 0.536500 0.921401 -1
0 -17.658701 8.409800 5.292800 0.535600 0.846450 -1
0 -22.341299 8.409800 5.292800 0.535900 0.921401 -1
0 27.409800 3.341300 5.292800 0.536500 0.921401 -1
0 22.341299 8.409800 5.292800 0.535900 0.921401 -1
0 17.658701 8.409800 5.292800 0.535600 0.846450 -1
0 27.409800 3.341300 5.292800 0.536500 0.921401 -1
0 17.658701 8.409800 5.292800 0.535600 0.846450 -1
0 6.409800 -2.839000 5.292800 0.535600 0.517715 -1
0 6.409800 -2.839000 5.292800 0.535600 0.517715 -1
0 6.409800 25.341299 5.292900 0.534000 0.936660 -1
0 3.341300 28.409800 5.292900 0.533600 0.936660 -1
0 6.409800 -2.839000 5.292800 0.535600 0.517715 -1
0 3.341300 28.409800 5.292900 0.533600 0.936660 -1
0 0.000000 -28.751200 5.292800 0.536800 0.004531 -1
0 3.341300 28.409800 5.292900 0.533600 0.936660 -1
0 -0.000000 28.409800 5.292900 0.533400 0.883926 -1
0 0.000000 -28.751200 5.292800 0.536800 0.004531 -1
0 27.409800 3.341300 5.292800 0.536500 0.921401 -1
0 6.409800 -2.839000 5.292800 0.535600 0.517715 -1
0 0.000000 -28.751200 5.292800 0.536800 0.004531 -1
0 27.409800 3.341300 5.292800 0.536500 0.921401 -1
0 0.000000 -28.751200 5.292800 0.536800 0.004531 -1
0 27.409800 -1.341300 5.292800 0.536800 0.846450 -1
6
0.000000 0.000000 1.000000
0.000000 -0.000002 1.000000
-0.000009 -0.000002 1.000000
0.000004 -0.000004 1.000000
-0.000004 -0.000004 1.000000
0.000009 -0.000002 1.000000
14
1 0 1 2 0 0 0 1
1 3 4 5 0 0 0 1
1 6 7 8 1 1 1 1
1 9 10 11 2 2 2 1
1 12 13 14 3 3 3 1
1 15 16 17 0 0 0 1
1 18 19 20 0 0 0 1
1 21 22 23 0 0 0 1
1 24 25 26 0 0 0 1
1 27 28 29 4 4 4 1
1 30 31 32 5 5 5 1
1 33 34 35 1 1 1 1
1 36 37 38 0 0 0 1
1 39 40 41 0 0 0 1
"Arrow_Shell" 0 1
219
3 -29.500000 4.207100 0.000000 0.052900 0.034900 -1
3 -29.500000 -2.207100 -0.000000 0.047900 0.034900 -1
3 -29.000000 -2.000000 0.750000 0.048100 0.035600 -1
3 -29.500000 4.207100 0.000000 0.052900 0.034900 -1
3 -29.000000 -2.000000 0.750000 0.048100 0.035600 -1
3 -29.000000 4.000000 0.750000 0.052800 0.035600 -1
3 -29.500000 -2.207100 -0.000000 0.047900 0.034900 -1
3 0.000000 -31.707100 -0.000000 0.024900 0.081000 -1
3 0.000000 -31.000000 0.750000 0.025400 0.081000 -1
3 -29.500000 -2.207100 -0.000000 0.047900 0.034900 -1
3 0.000000 -31.000000 0.750000 0.025400 0.081000 -1
3 -29.000000 -2.000000 0.750000 0.048100 0.035600 -1
3 0.000000 -31.707100 -0.000000 0.024900 0.081000 -1
3 29.500000 -2.207100 -0.000000 0.047900 0.127000 -1
3 29.000000 -2.000000 0.750000 0.048100 0.126300 -1
3 0.000000 -31.707100 -0.000000 0.024900 0.081000 -1
3 29.000000 -2.000000 0.750000 0.048100 0.126300 -1
3 0.000000 -31.000000 0.750000 0.025400 0.081000 -1
3 29.500000 -2.207100 -0.000000 0.047900 0.127000 -1
3 29.500000 4.207100 0.000000 0.052900 0.127000 -1
3 29.000000 4.000000 0.750000 0.052800 0.126300 -1
3 29.500000 -2.207100 -0.000000 0.047900 0.127000 -1
3 29.000000 4.000000 0.750000 0.052800 0.126300 -1
3 29.000000 -2.000000 0.750000 0.048100 0.126300 -1
3 29.500000 4.207100 0.000000 0.052900 0.127000 -1
3 23.207100 10.500000 0.000000 0.057800 0.117200 -1
3 23.000000 10.000000 0.750000 0.057400 0.116900 -1
3 29.500000 4.207100 0.000000 0.052900 0.127000 -1
3 23.000000 10.000000 0.750000 0.057400 0.116900 -1
3 29.000000 4.000000 0.750000 0.052800 0.126300 -1
3 23.207100 10.500000 0.000000 0.057800 0.117200 -1
3 16.792900 10.500000 0.000000 0.057800 0.107200 -1
3 17.000000 10.000000 0.750000 0.057400 0.107500 -1
3 23.207100 10.500000 0.000000 0.057800 0.117200 -1
3 17.000000 10.000000 0.750000 0.057400 0.107500 -1
3 23.000000 10.000000 0.750000 0.057400 0.116900 -1
3 16.792900 10.500000 0.000000 0.057800 0.107200 -1
3 8.500000 2.207100 0.000000 0.051400 0.094200 -1
3 8.000000 1.000000 0.750000 0.050400 0.093500 -1
3 16.792900 10.500000 0.000000 0.057800 0.107200 -1
3 8.000000 1.000000 0.750000 0.050400 0.093500 -1
3 17.000000 10.000000 0.750000 0.057400 0.107500 -1
3 8.500000 2.207100 0.000000 0.051400 0.094200 -1
3 8.500000 26.207100 0.000000 0.070100 0.094200 -1
3 8.000000 26.000000 0.750000 0.069900 0.093500 -1
3 8.500000 2.207100 0.000000 0.051400 0.094200 -1
3 8.000000 26.000000 0.750000 0.069900 0.093500 -1
3 8.000000 1.000000 0.750000 0.050400 0.093500 -1
3 8.500000 26.207100 0.000000 0.070100 0.094200 -1
3 4.207100 30.500000 0.000000 0.073500 0.087500 -1
3 4.000000 30.000000 0.750000 0.073100 0.087200 -1
3 8.500000 26.207100 0.000000 0.070100 0.094200 -1
3 4.000000 30.000000 0.750000 0.073100 0.087200 -1
3 8.000000 26.000000 0.750000 0.069900 0.093500 -1
3 4.207100 30.500000 0.000000 0.073500 0.087500 -1
3 -4.207100 30.500000 0.000000 0.073500 0.074400 -1
3 -4.000000 30.000000 0.750000 0.073100 0.074700 -1
3 4.207100 30.500000 0.000000 0.073500 0.087500 -1
3 -4.000000 30.000000 0.750000 0.073100 0.074700 -1
3 4.000000 30.000000 0.750000 0.073100 0.087200 -1
3 -4.207100 30.500000 0.000000 0.073500 0.074400 -1
3 -8.500000 26.207100 0.000000 0.070100 0.067700 -1
3 -8.000000 26.000000 0.750000 0.069900 0.068500 -1
3 -4.207100 30.500000 0.000000 0.073500 0.074400 -1
3 -8.000000 26.000000 0.750000 0.069900 0.068500 -1
3 -4.000000 30.000000 0.750000 0.073100 0.074700 -1
3 -8.500000 26.207100 0.000000 0.070100 0.067700 -1
3 -8.500000 2.207100 0.000000 0.051400 0.067700 -1
3 -8.000000 1.000000 0.750000 0.050400 0.068500 -1
3 -8.500000 26.207100 0.000000 0.070100 0.067700 -1
3 -8.000000 1.000000 0.750000 0.050400 0.068500 -1
3 -8.000000 26.000000 0.750000 0.069900 0.068500 -1
3 -8.500000 2.207100 0.000000 0.051400 0.067700 -1
3 -16.792900 10.500000 0.000000 0.057800 0.054700 -1
3 -17.000000 10.000000 0.750000 0.057400 0.054400 -1
3 -8.500000 2.207100 0.000000 0.051400 0.067700 -1
3 -17.000000 10.000000 0.750000 0.057400 0.054400 -1
3 -8.000000 1.000000 0.750000 0.050400 0.068500 -1
3 -16.792900 10.500000 0.000000 0.057800 0.054700 -1
3 -23.207100 10.500000 0.000000 0.057800 0.044700 -1
3 -23.000000 10.000000 0.750000 0.057400 0.045000 -1
3 -16.792900 10.500000 0.000000 0.057800 0.054700 -1
3 -23.000000 10.000000 0.750000 0.057400 0.045000 -1
3 -17.000000 10.000000 0.750000 0.057400 0.054400 -1
3 -23.207100 10.500000 0.000000 0.057800 0.044700 -1
3 -29.500000 4.207100 0.000000 0.052900 0.034900 -1
3 -29.000000 4.000000 0.750000 0.052800 0.035600 -1
3 -23.207100 10.500000 0.000000 0.057800 0.044700 -1
3 -29.000000 4.000000 0.750000 0.052800 0.035600 -1
3 -23.000000 10.000000 0.750000 0.057400 0.045000 -1
3 -29.000000 4.000000 0.750000 0.287600 0.047200 -1
3 -29.000000 -2.000000 0.750000 0.240800 0.047200 -1
3 -27.500000 -1.378700 5.500200 0.245600 0.070600 -1
3 -29.000000 4.000000 0.750000 0.287600 0.047200 -1
3 -27.500000 -1.378700 5.500200 0.245600 0.070600 -1
3 -27.500000 3.378700 5.500200 0.282800 0.070600 -1
3 -29.000000 -2.000000 0.750000 0.240800 0.047200 -1
3 0.000000 -31.000000 0.750000 0.014200 0.500300 -1
3 0.000000 -28.878700 5.500200 0.030800 0.500300 -1
3 -29.000000 -2.000000 0.750000 0.240800 0.047200 -1
3 0.000000 -28.878700 5.500200 0.030800 0.500300 -1
3 -27.500000 -1.378700 5.500200 0.245600 0.070600 -1
3 0.000000 -31.000000 0.750000 0.014200 0.500300 -1
3 29.000000 -2.000000 0.750000 0.240800 0.953500 -1
3 27.500000 -1.378700 5.500200 0.245600 0.930000 -1
3 0.000000 -31.000000 0.750000 0.014200 0.500300 -1
3 27.500000 -1.378700 5.500200 0.245600 0.930000 -1
3 0.000000 -28.878700 5.500200 0.030800 0.500300 -1
3 29.000000 -2.000000 0.750000 0.240800 0.953500 -1
3 29.000000 4.000000 0.750000 0.287600 0.953500 -1
3 27.500000 3.378700 5.500200 0.282800 0.930000 -1
3 29.000000 -2.000000 0.750000 0.240800 0.953500 -1
3 27.500000 3.378700 5.500200 0.282800 0.930000 -1
3 27.500000 -1.378700 5.500200 0.245600 0.930000 -1
3 29.000000 4.000000 0.750000 0.287600 0.953500 -1
3 23.000000 10.000000 0.750000 0.334500 0.859700 -1
3 22.378700 8.500000 5.500200 0.322800 0.850000 -1
3 29.000000 4.000000 0.750000 0.287600 0.953500 -1
3 22.378700 8.500000 5.500200 0.322800 0.850000 -1
3 27.500000 3.378700 5.500200 0.282800 0.930000 -1
3 23.000000 10.000000 0.750000 0.334500 0.859700 -1
3 17.000000 10.000000 0.750000 0.334500 0.766000 -1
3 17.621300 8.500000 5.500200 0.322800 0.775700 -1
3 23.000000 10.000000 0.750000 0.334500 0.859700 -1
3 17.621300 8.500000 5.500200 0.322800 0.775700 -1
3 22.378700 8.500000 5.500200 0.322800 0.850000 -1
3 17.000000 10.000000 0.750000 0.334500 0.766000 -1
3 8.000000 1.000000 0.750000 0.264200 0.625300 -1
3 6.500000 -2.621300 5.500200 0.235900 0.601900 -1
3 17.000000 10.000000 0.750000 0.334500 0.766000 -1
3 6.500000 -2.621300 5.500200 0.235900 0.601900 -1
3 17.621300 8.500000 5.500200 0.322800 0.775700 -1
3 8.000000 1.000000 0.750000 0.264200 0.625300 -1
3 8.000000 26.000000 0.750000 0.459500 0.625300 -1
3 6.500000 25.378700 5.500200 0.454600 0.601900 -1
3 8.000000 1.000000 0.750000 0.264200 0.625300 -1
3 6.500000 25.378700 5.500200 0.454600 0.601900 -1
3 6.500000 -2.621300 5.500200 0.235900 0.601900 -1
3 8.000000 26.000000 0.750000 0.459500 0.625300 -1
3 4.000000 30.000000 0.750000 0.490800 0.562800 -1
3 3.378700 28.500000 5.500200 0.479000 0.553100 -1
3 8.000000 26.000000 0.750000 0.459500 0.625300 -1
3 3.378700 28.500000 5.500200 0.479000 0.553100 -1
3 6.500000 25.378700 5.500200 0.454600 0.601900 -1
3 4.000000 30.000000 0.750000 0.490800 0.562800 -1
3 -4.000000 30.000000 0.750000 0.490800 0.437800 -1
3 -3.378700 28.500000 5.500200 0.479000 0.447500 -1
3 4.000000 30.000000 0.750000 0.490800 0.562800 -1
3 -3.378700 28.500000 5.500200 0.479000 0.447500 -1
3 3.378700 28.500000 5.500200 0.479000 0.553100 -1
3 -4.000000 30.000000 0.750000 0.490800 0.437800 -1
3 -8.000000 26.000000 0.750000 0.459500 0.375300 -1
3 -6.500000 25.378700 5.500200 0.454600 0.398800 -1
3 -4.000000 30.000000 0.750000 0.490800 0.437800 -1
3 -6.500000 25.378700 5.500200 0.454600 0.398800 -1
3 -3.378700 28.500000 5.500200 0.479000 0.447500 -1
3 -8.000000 26.000000 0.750000 0.459500 0.375300 -1
3 -8.000000 1.000000 0.750000 0.264200 0.375300 -1
3 -6.500000 -2.621300 5.500200 0.235900 0.398800 -1
3 -8.000000 26.000000 0.750000 0.459500 0.375300 -1
3 -6.500000 -2.621300 5.500200 0.235900 0.398800 -1
3 -6.500000 25.378700 5.500200 0.454600 0.398800 -1
3 -8.000000 1.000000 0.750000 0.264200 0.375300 -1
3 -17.000000 10.000000 0.750000 0.334500 0.234700 -1
3 -17.621300 8.500000 5.500200 0.322800 0.225000 -1
3 -8.000000 1.000000 0.750000 0.264200 0.375300 -1
3 -17.621300 8.500000 5.500200 0.322800 0.225000 -1
3 -6.500000 -2.621300 5.500200 0.235900 0.398800 -1
3 -17.000000 10.000000 0.750000 0.334500 0.234700 -1
3 -23.000000 10.000000 0.750000 0.334500 0.141000 -1
3 -22.378700 8.500000 5.500200 0.322800 0.150700 -1
3 -17.000000 10.000000 0.750000 0.334500 0.234700 -1
3 -22.378700 8.500000 5.500200 0.322800 0.150700 -1
3 -17.621300 8.500000 5.500200 0.322800 0.225000 -1
3 -23.000000 10.000000 0.750000 0.334500 0.141000 -1
3 -29.000000 4.000000 0.750000 0.287600 0.047200 -1
3 -27.500000 3.378700 5.500200 0.282800 0.070600 -1
3 -23.000000 10.000000 0.750000 0.334500 0.141000 -1
3 -27.500000 3.378700 5.500200 0.282800 0.070600 -1
3 -22.378700 8.500000 5.500200 0.322800 0.150700 -1
3 -27.500000 3.378700 5.500200 0.282800 0.070600 -1
3 -27.500000 -1.378700 5.500200 0.245600 0.070600 -1
3 0.000000 -28.878700 5.500200 0.030800 0.500300 -1
3 -27.500000 3.378700 5.500200 0.282800 0.070600 -1
3 0.000000 -28.878700 5.500200 0.030800 0.500300 -1
3 -6.500000 -2.621300 5.500200 0.235900 0.398800 -1
3 0.000000 -28.878700 5.500200 0.030800 0.500300 -1
3 27.500000 -1.378700 5.500200 0.245600 0.930000 -1
3 27.500000 3.378700 5.500200 0.282800 0.930000 -1
3 0.000000 -28.878700 5.500200 0.030800 0.500300 -1
3 27.500000 3.378700 5.500200 0.282800 0.930000 -1
3 17.621300 8.500000 5.500200 0.322800 0.775700 -1
3 27.500000 3.378700 5.500200 0.282800 0.930000 -1
3 22.378700 8.500000 5.500200 0.322800 0.850000 -1
3 17.621300 8.500000 5.500200 0.322800 0.775700 -1
3 0.000000 -28.878700 5.500200 0.030800 0.500300 -1
3 17.621300 8.500000 5.500200 0.322800 0.775700 -1
3 6.500000 -2.621300 5.500200 0.235900 0.601900 -1
3 0.000000 -28.878700 5.500200 0.030800 0.500300 -1
3 6.500000 -2.621300 5.500200 0.235900 0.601900 -1
3 -6.500000 -2.621300 5.500200 0.235900 0.398800 -1
3 6.500000 -2.621300 5.500200 0.235900 0.601900 -1
3 6.500000 25.378700 5.500200 0.454600 0.601900 -1
3 3.378700 28.500000 5.500200 0.479000 0.553100 -1
3 6.500000 -2.621300 5.500200 0.235900 0.601900 -1
3 3.378700 28.500000 5.500200 0.479000 0.553100 -1
3 -6.500000 25.378700 5.500200 0.454600 0.398800 -1
3 3.378700 28.500000 5.500200 0.479000 0.553100 -1
3 -3.378700 28.500000 5.500200 0.479000 0.447500 -1
3 -6.500000 25.378700 5.500200 0.454600 0.398800 -1
3 6.500000 -2.621300 5.500200 0.235900 0.601900 -1
3 -6.500000 25.378700 5.500200 0.454600 0.398800 -1
3 -6.500000 -2.621300 5.500200 0.235900 0.398800 -1
3 -27.500000 3.378700 5.500200 0.282800 0.070600 -1
3 -6.500000 -2.621300 5.500200 0.235900 0.398800 -1
3 -17.621300 8.500000 5.500200 0.322800 0.225000 -1
3 -27.500000 3.378700 5.500200 0.282800 0.070600 -1
3 -17.621300 8.500000 5.500200 0.322800 0.225000 -1
3 -22.378700 8.500000 5.500200 0.322800 0.150700 -1
24
-0.832050 0.000000 0.554700
-0.588350 -0.588350 0.554696
0.588350 -0.588350 0.554696
0.832050 0.000000 0.554700
0.588350 0.588350 0.554696
0.000000 0.832050 0.554700
-0.588350 0.588350 0.554696
0.588350 0.588350 0.554697
-0.588350 0.588350 0.554697
-0.953586 0.000000 0.301120
-0.953586 0.000000 0.301120
-0.674288 -0.674288 0.301117
0.674288 -0.674288 0.301117
0.674288 -0.674288 0.301117
0.953586 0.000000 0.301120
0.953586 0.000000 0.301120
0.674288 0.674288 0.301117
0.674288 0.674288 0.301117
0.000000 0.953586 0.301120
-0.674288 0.674288 0.301117
-0.674288 0.674288 0.301117
0.674288 0.674288 0.301117
-0.674288 0.674288 0.301117
0.000000 0.000000 1.000000
73
0 0 1 2 0 0 0 1
0 3 4 5 0 0 0 1
0 6 7 8 1 1 1 1
0 9 10 11 1 1 1 1
0 12 13 14 2 2 2 1
0 15 16 17 2 2 2 1
0 18 19 20 3 3 3 1
0 21 22 23 3 3 3 1
0 24 25 26 4 4 4 1
0 27 28 29 4 4 4 1
0 30 31 32 5 5 5 1
0 33 34 35 5 5 5 1
0 36 37 38 6 6 6 1
0 39 40 41 6 6 6 1
0 42 43 44 3 3 3 1
0 45 46 47 3 3 3 1
0 48 49 50 7 7 7 1
0 51 52 53 4 4 4 1
0 54 55 56 5 5 5 1
0 57 58 59 5 5 5 1
0 60 61 62 8 8 8 1
0 63 64 65 6 6 6 1
0 66 67 68 0 0 0 1
0 69 70 71 0 0 0 1
0 72 73 74 4 4 4 1
0 75 76 77 4 4 4 1
0 78 79 80 5 5 5 1
0 81 82 83 5 5 5 1
0 84 85 86 6 6 6 1
0 87 88 89 6 6 6 1
0 90 91 92 9 9 9 1
0 93 94 95 10 10 10 1
0 96 97 98 11 11 11 1
0 99 100 101 11 11 11 1
0 102 103 104 12 12 12 1
0 105 106 107 13 13 13 1
0 108 109 110 14 14 14 1
0 111 112 113 15 15 15 1
0 114 115 116 16 16 16 1
0 117 118 119 17 17 17 1
0 120 121 122 18 18 18 1
0 123 124 125 18 18 18 1
0 126 127 128 19 19 19 1
0 129 130 131 20 20 20 1
0 132 133 134 15 15 15 1
0 135 136 137 15 15 15 1
0 138 139 140 16 16 16 1
0 141 142 143 21 21 21 1
0 144 145 146 18 18 18 1
0 147 148 149 18 18 18 1
0 150 151 152 20 20 20 1
0 153 154 155 22 22 22 1
0 156 157 158 10 10 10 1
0 159 160 161 10 10 10 1
0 162 163 164 16 16 16 1
0 165 166 167 17 17 17 1
0 168 169 170 18 18 18 1
0 171 172 173 18 18 18 1
0 174 175 176 19 19 19 1
0 177 178 179 20 20 20 1
0 180 181 182 23 23 23 1
0 183 184 185 23 23 23 1
0 186 187 188 23 23 23 1
0 189 190 191 23 23 23 1
0 192 193 194 23 23 23 1
0 195 196 197 23 23 23 1
0 198 199 200 23 23 23 1
0 201 202 203 23 23 23 1
0 204 205 206 23 23 23 1
0 207 208 209 23 23 23 1
0 210 211 212 23 23 23 1
0 213 214 215 23 23 23 1
0 216 217 218 23 23 23 1

Materials: 2
"NoteScroller"
0.000000 0.000000 0.000000 1.000000
1.176400 1.176400 1.176400 1.000000
0.000000 0.000000 0.000000 1.000000
0.000000 0.000000 0.000000 1.000000
0.192000
1.000000
"materials/NoteScroller.ini"
""
"NoteScroller"
0.000000 0.000000 0.000000 1.000000
1.176400 1.176400 1.176400 1.000000
0.000000 0.000000 0.000000 1.000000
0.000000 0.000000 0.000000 1.000000
0.192000
1.000000
"materials/NoteStatic.ini"
""

Bones: 0
GroupComments: 0
MaterialComments: 0
BoneComments: 0
ModelComment: 0
