// MilkShape 3D ASCII

Frames: 30
Frame: 1

Meshes: 2
"minescroller" 1 1
12
1 0.000996 30.041943 -0.213616 0.732732 0.007525 -1
1 -26.599598 15.756433 -0.213616 0.514694 0.241714 -1
1 -26.599586 -15.754442 -0.213616 0.514694 0.758286 -1
1 -26.599586 -15.754442 -0.213616 0.514694 0.758286 -1
1 0.001000 -30.039944 -0.213616 0.732732 0.992475 -1
1 26.601597 -15.754444 -0.213616 0.950769 0.758286 -1
1 0.000996 30.041943 -0.213616 0.732732 0.007525 -1
1 -26.599586 -15.754442 -0.213616 0.514694 0.758286 -1
1 26.601597 -15.754444 -0.213616 0.950769 0.758286 -1
1 26.601593 15.756450 -0.213616 0.950770 0.241714 -1
1 0.000996 30.041943 -0.213616 0.732732 0.007525 -1
1 26.601597 -15.754444 -0.213616 0.950769 0.758286 -1
1
0.000000 0.000000 1.000000
4
1 0 1 2 0 0 0 1
1 3 4 5 0 0 0 1
1 6 7 8 0 0 0 1
1 9 10 11 0 0 0 1
"minestatic" 1 0
288
1 -25.608511 13.231645 2.740427 0.181384 0.954362 -1
1 -24.389498 13.231645 2.740427 0.181384 0.932734 -1
1 -24.389498 14.827869 2.740427 0.167224 0.932734 -1
1 -24.389498 14.827869 2.740427 0.167224 0.932734 -1
1 -25.608511 15.169416 2.740427 0.164194 0.954362 -1
1 -25.608511 13.231645 2.740427 0.181384 0.954362 -1
1 0.000992 28.922676 2.740427 0.042190 0.500000 -1
1 -25.608511 15.169416 2.740427 0.164194 0.954362 -1
1 -24.389498 14.827869 2.740427 0.167224 0.932734 -1
1 -24.389498 14.827869 2.740427 0.167224 0.932734 -1
1 0.000992 28.083580 2.740427 0.049633 0.500000 -1
1 0.000992 28.922676 2.740427 0.042190 0.500000 -1
1 25.610500 13.231660 2.740427 0.181384 0.045638 -1
1 25.610504 15.169432 2.740427 0.164194 0.045638 -1
1 24.391487 14.827885 2.740427 0.167224 0.067265 -1
1 24.391487 14.827885 2.740427 0.167224 0.067265 -1
1 24.391491 13.231660 2.740427 0.181384 0.067265 -1
1 25.610500 13.231660 2.740427 0.181384 0.045638 -1
1 0.000992 28.922676 2.740427 0.042190 0.500000 -1
1 0.000992 28.083580 2.740427 0.049633 0.500000 -1
1 24.391487 14.827885 2.740427 0.167224 0.067265 -1
1 24.391487 14.827885 2.740427 0.167224 0.067265 -1
1 25.610504 15.169432 2.740427 0.164194 0.045638 -1
1 0.000992 28.922676 2.740427 0.042190 0.500000 -1
1 25.610508 -13.229654 2.740427 0.316379 0.045638 -1
1 24.391491 -13.229652 2.740427 0.316379 0.067266 -1
1 24.391491 -14.825878 2.740427 0.330539 0.067266 -1
1 24.391491 -14.825878 2.740427 0.330539 0.067266 -1
1 25.610508 -15.167425 2.740427 0.333569 0.045638 -1
1 25.610508 -13.229654 2.740427 0.316379 0.045638 -1
1 0.001000 -28.920677 2.740427 0.455574 0.500000 -1
1 25.610508 -15.167425 2.740427 0.333569 0.045638 -1
1 24.391491 -14.825878 2.740427 0.330539 0.067266 -1
1 24.391491 -14.825878 2.740427 0.330539 0.067266 -1
1 0.001002 -28.081581 2.740427 0.448130 0.500000 -1
1 0.001000 -28.920677 2.740427 0.455574 0.500000 -1
1 -25.608507 -13.229652 2.740427 0.316379 0.954362 -1
1 -25.608505 -15.167425 2.740427 0.333569 0.954362 -1
1 -24.389492 -14.825878 2.740427 0.330539 0.932735 -1
1 -24.389492 -14.825878 2.740427 0.330539 0.932735 -1
1 -24.389494 -13.229654 2.740427 0.316379 0.932735 -1
1 -25.608507 -13.229652 2.740427 0.316379 0.954362 -1
1 0.001000 -28.920677 2.740427 0.455574 0.500000 -1
1 0.001002 -28.081581 2.740427 0.448130 0.500000 -1
1 -24.389492 -14.825878 2.740427 0.330539 0.932735 -1
1 -24.389492 -14.825878 2.740427 0.330539 0.932735 -1
1 -25.608505 -15.167425 2.740427 0.333569 0.954362 -1
1 0.001000 -28.920677 2.740427 0.455574 0.500000 -1
1 -26.999004 16.000992 -1.142900 0.156817 0.979032 -1
1 -26.999004 11.841150 -1.142900 0.193719 0.979032 -1
1 -26.999004 11.841150 1.422201 0.193719 0.979032 -1
1 -26.999004 11.841150 1.422201 0.193719 0.979032 -1
1 -26.999004 16.000992 1.422201 0.156817 0.979032 -1
1 -26.999004 16.000992 -1.142900 0.156817 0.979032 -1
1 -26.999004 11.841150 -1.142900 0.193719 0.979032 -1
1 -22.999004 11.841152 -1.142900 0.193719 0.908064 -1
1 -22.999004 11.841152 1.422201 0.193719 0.908064 -1
1 -22.999004 11.841152 1.422201 0.193719 0.908064 -1
1 -26.999004 11.841150 1.422201 0.193719 0.979032 -1
1 -26.999004 11.841150 -1.142900 0.193719 0.979032 -1
1 -22.999004 11.841152 -1.142900 0.193719 0.908064 -1
1 -22.999004 14.000994 -1.142900 0.174559 0.908064 -1
1 -22.999004 14.000994 1.422201 0.174559 0.908064 -1
1 -22.999004 14.000994 1.422201 0.174559 0.908064 -1
1 -22.999004 11.841152 1.422201 0.193719 0.908064 -1
1 -22.999004 11.841152 -1.142900 0.193719 0.908064 -1
1 -22.999004 14.000994 -1.142900 0.174559 0.908064 -1
1 0.000992 26.500999 -1.142900 0.063672 0.500000 -1
1 0.000992 26.500999 1.422201 0.063672 0.500000 -1
1 0.000992 26.500999 1.422201 0.063672 0.500000 -1
1 -22.999004 14.000994 1.422201 0.174559 0.908064 -1
1 -22.999004 14.000994 -1.142900 0.174559 0.908064 -1
1 0.000992 26.500999 -1.142900 0.063672 0.500000 -1
1 23.000996 14.001007 -1.142900 0.174559 0.091935 -1
1 23.000996 14.001007 1.422201 0.174559 0.091935 -1
1 23.000996 14.001007 1.422201 0.174559 0.091935 -1
1 0.000992 26.500999 1.422201 0.063672 0.500000 -1
1 0.000992 26.500999 -1.142900 0.063672 0.500000 -1
1 23.000996 14.001007 -1.142900 0.174559 0.091935 -1
1 23.000996 11.841166 -1.142900 0.193719 0.091935 -1
1 23.000996 11.841166 1.422201 0.193719 0.091935 -1
1 23.000996 11.841166 1.422201 0.193719 0.091935 -1
1 23.000996 14.001007 1.422201 0.174559 0.091935 -1
1 23.000996 14.001007 -1.142900 0.174559 0.091935 -1
1 23.000996 11.841166 -1.142900 0.193719 0.091935 -1
1 27.000996 11.841167 -1.142900 0.193719 0.020968 -1
1 27.000996 11.841167 1.422201 0.193719 0.020968 -1
1 27.000996 11.841167 1.422201 0.193719 0.020968 -1
1 23.000996 11.841166 1.422201 0.193719 0.091935 -1
1 23.000996 11.841166 -1.142900 0.193719 0.091935 -1
1 27.000996 11.841167 -1.142900 0.193719 0.020968 -1
1 27.000996 16.001007 -1.142900 0.156817 0.020968 -1
1 27.000996 16.001007 1.422201 0.156817 0.020968 -1
1 27.000996 16.001007 1.422201 0.156817 0.020968 -1
1 27.000996 11.841167 1.422201 0.193719 0.020968 -1
1 27.000996 11.841167 -1.142900 0.193719 0.020968 -1
1 27.000996 16.001007 -1.142900 0.156817 0.020968 -1
1 0.000990 30.500999 -1.142900 0.028188 0.500000 -1
1 0.000990 30.500999 1.422201 0.028188 0.500000 -1
1 0.000990 30.500999 1.422201 0.028188 0.500000 -1
1 27.000996 16.001007 1.422201 0.156817 0.020968 -1
1 27.000996 16.001007 -1.142900 0.156817 0.020968 -1
1 0.000990 30.500999 -1.142900 0.028188 0.500000 -1
1 -26.999004 16.000992 -1.142900 0.156817 0.979032 -1
1 -26.999004 16.000992 1.422201 0.156817 0.979032 -1
1 -26.999004 16.000992 1.422201 0.156817 0.979032 -1
1 0.000990 30.500999 1.422201 0.028188 0.500000 -1
1 0.000990 30.500999 -1.142900 0.028188 0.500000 -1
1 27.000999 -15.999002 -1.142900 0.340946 0.020968 -1
1 27.000999 -11.839161 -1.142900 0.304044 0.020968 -1
1 27.000999 -11.839161 1.422201 0.304044 0.020968 -1
1 27.000999 -11.839161 1.422201 0.304044 0.020968 -1
1 27.000999 -15.999002 1.422201 0.340946 0.020968 -1
1 27.000999 -15.999002 -1.142900 0.340946 0.020968 -1
1 27.000999 -11.839161 -1.142900 0.304044 0.020968 -1
1 23.000999 -11.839159 -1.142900 0.304044 0.091936 -1
1 23.000999 -11.839159 1.422201 0.304044 0.091936 -1
1 23.000999 -11.839159 1.422201 0.304044 0.091936 -1
1 27.000999 -11.839161 1.422201 0.304044 0.020968 -1
1 27.000999 -11.839161 -1.142900 0.304044 0.020968 -1
1 23.000999 -11.839159 -1.142900 0.304044 0.091936 -1
1 23.000999 -13.999001 -1.142900 0.323204 0.091936 -1
1 23.000999 -13.999001 1.422201 0.323204 0.091936 -1
1 23.000999 -13.999001 1.422201 0.323204 0.091936 -1
1 23.000999 -11.839159 1.422201 0.304044 0.091936 -1
1 23.000999 -11.839159 -1.142900 0.304044 0.091936 -1
1 23.000999 -13.999001 -1.142900 0.323204 0.091936 -1
1 0.001000 -26.499001 -1.142900 0.434091 0.500000 -1
1 0.001000 -26.499001 1.422201 0.434091 0.500000 -1
1 0.001000 -26.499001 1.422201 0.434091 0.500000 -1
1 23.000999 -13.999001 1.422201 0.323204 0.091936 -1
1 23.000999 -13.999001 -1.142900 0.323204 0.091936 -1
1 0.001000 -26.499001 -1.142900 0.434091 0.500000 -1
1 -22.999001 -13.999001 -1.142900 0.323204 0.908065 -1
1 -22.999001 -13.999001 1.422201 0.323204 0.908065 -1
1 -22.999001 -13.999001 1.422201 0.323204 0.908065 -1
1 0.001000 -26.499001 1.422201 0.434091 0.500000 -1
1 0.001000 -26.499001 -1.142900 0.434091 0.500000 -1
1 -22.999001 -13.999001 -1.142900 0.323204 0.908065 -1
1 -22.999001 -11.839161 -1.142900 0.304044 0.908065 -1
1 -22.999001 -11.839161 1.422201 0.304044 0.908065 -1
1 -22.999001 -11.839161 1.422201 0.304044 0.908065 -1
1 -22.999001 -13.999001 1.422201 0.323204 0.908065 -1
1 -22.999001 -13.999001 -1.142900 0.323204 0.908065 -1
1 -22.999001 -11.839161 -1.142900 0.304044 0.908065 -1
1 -26.999001 -11.839159 -1.142900 0.304044 0.979032 -1
1 -26.999001 -11.839159 1.422201 0.304044 0.979032 -1
1 -26.999001 -11.839159 1.422201 0.304044 0.979032 -1
1 -22.999001 -11.839161 1.422201 0.304044 0.908065 -1
1 -22.999001 -11.839161 -1.142900 0.304044 0.908065 -1
1 -26.999001 -11.839159 -1.142900 0.304044 0.979032 -1
1 -26.998999 -15.999000 -1.142900 0.340946 0.979032 -1
1 -26.998999 -15.999000 1.422201 0.340946 0.979032 -1
1 -26.998999 -15.999000 1.422201 0.340946 0.979032 -1
1 -26.999001 -11.839159 1.422201 0.304044 0.979032 -1
1 -26.999001 -11.839159 -1.142900 0.304044 0.979032 -1
1 -26.998999 -15.999000 -1.142900 0.340946 0.979032 -1
1 0.001000 -30.499001 -1.142900 0.469575 0.500000 -1
1 0.001000 -30.499001 1.422201 0.469575 0.500000 -1
1 0.001000 -30.499001 1.422201 0.469575 0.500000 -1
1 -26.998999 -15.999000 1.422201 0.340946 0.979032 -1
1 -26.998999 -15.999000 -1.142900 0.340946 0.979032 -1
1 0.001000 -30.499001 -1.142900 0.469575 0.500000 -1
1 27.000999 -15.999002 -1.142900 0.340946 0.020968 -1
1 27.000999 -15.999002 1.422201 0.340946 0.020968 -1
1 27.000999 -15.999002 1.422201 0.340946 0.020968 -1
1 0.001000 -30.499001 1.422201 0.469575 0.500000 -1
1 0.001000 -30.499001 -1.142900 0.469575 0.500000 -1
1 -26.999004 16.000992 1.422201 0.156817 0.979032 -1
1 -26.999004 11.841150 1.422201 0.193719 0.979032 -1
1 -25.608511 13.231645 2.740427 0.181384 0.954362 -1
1 -25.608511 13.231645 2.740427 0.181384 0.954362 -1
1 -25.608511 15.169416 2.740427 0.164194 0.954362 -1
1 -26.999004 16.000992 1.422201 0.156817 0.979032 -1
1 -26.999004 11.841150 1.422201 0.193719 0.979032 -1
1 -22.999004 11.841152 1.422201 0.193719 0.908064 -1
1 -24.389498 13.231645 2.740427 0.181384 0.932734 -1
1 -24.389498 13.231645 2.740427 0.181384 0.932734 -1
1 -25.608511 13.231645 2.740427 0.181384 0.954362 -1
1 -26.999004 11.841150 1.422201 0.193719 0.979032 -1
1 -22.999004 11.841152 1.422201 0.193719 0.908064 -1
1 -22.999004 14.000994 1.422201 0.174559 0.908064 -1
1 -24.389498 14.827869 2.740427 0.167224 0.932734 -1
1 -24.389498 14.827869 2.740427 0.167224 0.932734 -1
1 -24.389498 13.231645 2.740427 0.181384 0.932734 -1
1 -22.999004 11.841152 1.422201 0.193719 0.908064 -1
1 -22.999004 14.000994 1.422201 0.174559 0.908064 -1
1 0.000992 26.500999 1.422201 0.063672 0.500000 -1
1 0.000992 28.083580 2.740427 0.049633 0.500000 -1
1 0.000992 28.083580 2.740427 0.049633 0.500000 -1
1 -24.389498 14.827869 2.740427 0.167224 0.932734 -1
1 -22.999004 14.000994 1.422201 0.174559 0.908064 -1
1 0.000992 26.500999 1.422201 0.063672 0.500000 -1
1 23.000996 14.001007 1.422201 0.174559 0.091935 -1
1 24.391487 14.827885 2.740427 0.167224 0.067265 -1
1 24.391487 14.827885 2.740427 0.167224 0.067265 -1
1 0.000992 28.083580 2.740427 0.049633 0.500000 -1
1 0.000992 26.500999 1.422201 0.063672 0.500000 -1
1 23.000996 14.001007 1.422201 0.174559 0.091935 -1
1 23.000996 11.841166 1.422201 0.193719 0.091935 -1
1 24.391491 13.231660 2.740427 0.181384 0.067265 -1
1 24.391491 13.231660 2.740427 0.181384 0.067265 -1
1 24.391487 14.827885 2.740427 0.167224 0.067265 -1
1 23.000996 14.001007 1.422201 0.174559 0.091935 -1
1 23.000996 11.841166 1.422201 0.193719 0.091935 -1
1 27.000996 11.841167 1.422201 0.193719 0.020968 -1
1 25.610500 13.231660 2.740427 0.181384 0.045638 -1
1 25.610500 13.231660 2.740427 0.181384 0.045638 -1
1 24.391491 13.231660 2.740427 0.181384 0.067265 -1
1 23.000996 11.841166 1.422201 0.193719 0.091935 -1
1 27.000996 11.841167 1.422201 0.193719 0.020968 -1
1 27.000996 16.001007 1.422201 0.156817 0.020968 -1
1 25.610504 15.169432 2.740427 0.164194 0.045638 -1
1 25.610504 15.169432 2.740427 0.164194 0.045638 -1
1 25.610500 13.231660 2.740427 0.181384 0.045638 -1
1 27.000996 11.841167 1.422201 0.193719 0.020968 -1
1 27.000996 16.001007 1.422201 0.156817 0.020968 -1
1 0.000990 30.500999 1.422201 0.028188 0.500000 -1
1 0.000992 28.922676 2.740427 0.042190 0.500000 -1
1 0.000992 28.922676 2.740427 0.042190 0.500000 -1
1 25.610504 15.169432 2.740427 0.164194 0.045638 -1
1 27.000996 16.001007 1.422201 0.156817 0.020968 -1
1 0.000990 30.500999 1.422201 0.028188 0.500000 -1
1 -26.999004 16.000992 1.422201 0.156817 0.979032 -1
1 -25.608511 15.169416 2.740427 0.164194 0.954362 -1
1 -25.608511 15.169416 2.740427 0.164194 0.954362 -1
1 0.000992 28.922676 2.740427 0.042190 0.500000 -1
1 0.000990 30.500999 1.422201 0.028188 0.500000 -1
1 27.000999 -15.999002 1.422201 0.340946 0.020968 -1
1 27.000999 -11.839161 1.422201 0.304044 0.020968 -1
1 25.610508 -13.229654 2.740427 0.316379 0.045638 -1
1 25.610508 -13.229654 2.740427 0.316379 0.045638 -1
1 25.610508 -15.167425 2.740427 0.333569 0.045638 -1
1 27.000999 -15.999002 1.422201 0.340946 0.020968 -1
1 27.000999 -11.839161 1.422201 0.304044 0.020968 -1
1 23.000999 -11.839159 1.422201 0.304044 0.091936 -1
1 24.391491 -13.229652 2.740427 0.316379 0.067266 -1
1 24.391491 -13.229652 2.740427 0.316379 0.067266 -1
1 25.610508 -13.229654 2.740427 0.316379 0.045638 -1
1 27.000999 -11.839161 1.422201 0.304044 0.020968 -1
1 23.000999 -11.839159 1.422201 0.304044 0.091936 -1
1 23.000999 -13.999001 1.422201 0.323204 0.091936 -1
1 24.391491 -14.825878 2.740427 0.330539 0.067266 -1
1 24.391491 -14.825878 2.740427 0.330539 0.067266 -1
1 24.391491 -13.229652 2.740427 0.316379 0.067266 -1
1 23.000999 -11.839159 1.422201 0.304044 0.091936 -1
1 23.000999 -13.999001 1.422201 0.323204 0.091936 -1
1 0.001000 -26.499001 1.422201 0.434091 0.500000 -1
1 0.001002 -28.081581 2.740427 0.448130 0.500000 -1
1 0.001002 -28.081581 2.740427 0.448130 0.500000 -1
1 24.391491 -14.825878 2.740427 0.330539 0.067266 -1
1 23.000999 -13.999001 1.422201 0.323204 0.091936 -1
1 0.001000 -26.499001 1.422201 0.434091 0.500000 -1
1 -22.999001 -13.999001 1.422201 0.323204 0.908065 -1
1 -24.389492 -14.825878 2.740427 0.330539 0.932735 -1
1 -24.389492 -14.825878 2.740427 0.330539 0.932735 -1
1 0.001002 -28.081581 2.740427 0.448130 0.500000 -1
1 0.001000 -26.499001 1.422201 0.434091 0.500000 -1
1 -22.999001 -13.999001 1.422201 0.323204 0.908065 -1
1 -22.999001 -11.839161 1.422201 0.304044 0.908065 -1
1 -24.389494 -13.229654 2.740427 0.316379 0.932735 -1
1 -24.389494 -13.229654 2.740427 0.316379 0.932735 -1
1 -24.389492 -14.825878 2.740427 0.330539 0.932735 -1
1 -22.999001 -13.999001 1.422201 0.323204 0.908065 -1
1 -22.999001 -11.839161 1.422201 0.304044 0.908065 -1
1 -26.999001 -11.839159 1.422201 0.304044 0.979032 -1
1 -25.608507 -13.229652 2.740427 0.316379 0.954362 -1
1 -25.608507 -13.229652 2.740427 0.316379 0.954362 -1
1 -24.389494 -13.229654 2.740427 0.316379 0.932735 -1
1 -22.999001 -11.839161 1.422201 0.304044 0.908065 -1
1 -26.999001 -11.839159 1.422201 0.304044 0.979032 -1
1 -26.998999 -15.999000 1.422201 0.340946 0.979032 -1
1 -25.608505 -15.167425 2.740427 0.333569 0.954362 -1
1 -25.608505 -15.167425 2.740427 0.333569 0.954362 -1
1 -25.608507 -13.229652 2.740427 0.316379 0.954362 -1
1 -26.999001 -11.839159 1.422201 0.304044 0.979032 -1
1 -26.998999 -15.999000 1.422201 0.340946 0.979032 -1
1 0.001000 -30.499001 1.422201 0.469575 0.500000 -1
1 0.001000 -28.920677 2.740427 0.455574 0.500000 -1
1 0.001000 -28.920677 2.740427 0.455574 0.500000 -1
1 -25.608505 -15.167425 2.740427 0.333569 0.954362 -1
1 -26.998999 -15.999000 1.422201 0.340946 0.979032 -1
1 0.001000 -30.499001 1.422201 0.469575 0.500000 -1
1 27.000999 -15.999002 1.422201 0.340946 0.020968 -1
1 25.610508 -15.167425 2.740427 0.333569 0.045638 -1
1 25.610508 -15.167425 2.740427 0.333569 0.045638 -1
1 0.001000 -28.920677 2.740427 0.455574 0.500000 -1
1 0.001000 -30.499001 1.422201 0.469575 0.500000 -1
59
-0.242961 -0.121480 0.962399
0.152769 -0.305537 0.939845
0.210671 -0.074712 0.974698
-0.233198 0.211119 0.949235
0.040188 0.224498 0.973645
0.057099 -0.315187 0.947310
0.121480 -0.242961 0.962399
0.296327 0.105560 0.949235
-0.166242 -0.149424 0.974698
-0.305537 -0.152769 0.939845
0.242961 0.121480 0.962399
-0.152768 0.305537 0.939845
-0.210671 0.074712 0.974698
0.233198 -0.211119 0.949235
-0.040188 -0.224498 0.973645
-0.057099 0.315187 0.947310
-0.121480 0.242961 0.962399
-0.296327 -0.105560 0.949235
0.166242 0.149424 0.974698
0.305537 0.152768 0.939845
-0.942015 0.335571 0.000000
-0.447213 -0.894427 0.000000
-0.617689 -0.512912 0.596139
-0.706226 0.477316 0.522891
0.894427 -0.447214 0.000000
0.512912 -0.617689 0.596139
0.743724 -0.668486 0.000000
0.755813 -0.394862 0.522332
-0.178258 -0.983984 0.000000
0.043146 -0.856650 0.514090
-0.942487 -0.334243 0.000000
-0.707846 -0.475524 0.522332
-0.447213 -0.894427 0.000000
-0.617688 -0.512912 0.596139
0.894427 -0.447214 0.000000
0.512912 -0.617689 0.596139
0.741328 0.671142 0.000000
0.754647 0.396350 0.522891
-0.176212 0.984352 0.000000
0.042666 0.857278 0.513083
0.942015 -0.335571 0.000000
0.447214 0.894427 0.000000
0.617689 0.512912 0.596139
0.706226 -0.477316 0.522891
-0.894427 0.447214 0.000000
-0.512912 0.617689 0.596139
-0.743724 0.668486 0.000000
-0.755813 0.394862 0.522332
0.178258 0.983984 0.000000
-0.043146 0.856650 0.514090
0.942487 0.334243 0.000000
0.707846 0.475524 0.522332
0.617689 0.512912 0.596139
-0.894427 0.447213 0.000000
-0.512912 0.617689 0.596139
-0.741329 -0.671142 0.000000
-0.754647 -0.396350 0.522891
0.176211 -0.984352 0.000000
-0.042666 -0.857278 0.513083
96
1 0 1 2 0 1 2 1
1 3 4 5 2 3 0 1
1 6 7 8 4 3 2 1
1 9 10 11 2 5 4 1
1 12 13 14 6 7 8 1
1 15 16 17 8 9 6 1
1 18 19 20 4 5 8 1
1 21 22 23 8 7 4 1
1 24 25 26 10 11 12 1
1 27 28 29 12 13 10 1
1 30 31 32 14 13 12 1
1 33 34 35 12 15 14 1
1 36 37 38 16 17 18 1
1 39 40 41 18 19 16 1
1 42 43 44 14 15 18 1
1 45 46 47 18 17 14 1
1 48 49 50 20 21 22 1
1 51 52 53 22 23 20 1
1 54 55 56 21 24 25 1
1 57 58 59 25 22 21 1
1 60 61 62 24 26 27 1
1 63 64 65 27 25 24 1
1 66 67 68 26 28 29 1
1 69 70 71 29 27 26 1
1 72 73 74 28 30 31 1
1 75 76 77 31 29 28 1
1 78 79 80 30 32 33 1
1 81 82 83 33 31 30 1
1 84 85 86 32 34 35 1
1 87 88 89 35 33 32 1
1 90 91 92 34 36 37 1
1 93 94 95 37 35 34 1
1 96 97 98 36 38 39 1
1 99 100 101 39 37 36 1
1 102 103 104 38 20 23 1
1 105 106 107 23 39 38 1
1 108 109 110 40 41 42 1
1 111 112 113 42 43 40 1
1 114 115 116 41 44 45 1
1 117 118 119 45 42 41 1
1 120 121 122 44 46 47 1
1 123 124 125 47 45 44 1
1 126 127 128 46 48 49 1
1 129 130 131 49 47 46 1
1 132 133 134 48 50 51 1
1 135 136 137 51 49 48 1
1 138 139 140 50 41 52 1
1 141 142 143 52 51 50 1
1 144 145 146 41 53 54 1
1 147 148 149 54 52 41 1
1 150 151 152 53 55 56 1
1 153 154 155 56 54 53 1
1 156 157 158 55 57 58 1
1 159 160 161 58 56 55 1
1 162 163 164 57 40 43 1
1 165 166 167 43 58 57 1
1 168 169 170 23 22 0 1
1 171 172 173 0 3 23 1
1 174 175 176 22 25 1 1
1 177 178 179 1 0 22 1
1 180 181 182 25 27 2 1
1 183 184 185 2 1 25 1
1 186 187 188 27 29 5 1
1 189 190 191 5 2 27 1
1 192 193 194 29 31 8 1
1 195 196 197 8 5 29 1
1 198 199 200 31 33 9 1
1 201 202 203 9 8 31 1
1 204 205 206 33 35 6 1
1 207 208 209 6 9 33 1
1 210 211 212 35 37 7 1
1 213 214 215 7 6 35 1
1 216 217 218 37 39 4 1
1 219 220 221 4 7 37 1
1 222 223 224 39 23 3 1
1 225 226 227 3 4 39 1
1 228 229 230 43 42 10 1
1 231 232 233 10 13 43 1
1 234 235 236 42 45 11 1
1 237 238 239 11 10 42 1
1 240 241 242 45 47 12 1
1 243 244 245 12 11 45 1
1 246 247 248 47 49 15 1
1 249 250 251 15 12 47 1
1 252 253 254 49 51 18 1
1 255 256 257 18 15 49 1
1 258 259 260 51 52 19 1
1 261 262 263 19 18 51 1
1 264 265 266 52 54 16 1
1 267 268 269 16 19 52 1
1 270 271 272 54 56 17 1
1 273 274 275 17 16 54 1
1 276 277 278 56 58 14 1
1 279 280 281 14 17 56 1
1 282 283 284 58 43 13 1
1 285 286 287 13 14 58 1

Materials: 2
"minestatic"
0.000000 0.000000 0.000000 1.000000
1.176400 1.176400 1.176400 1.000000
0.000000 0.000000 0.000000 1.000000
0.000000 0.000000 0.000000 1.000000
0.192000
1.000000
"materials/MineStatic.ini"
""
"minescroller"
0.000000 0.000000 0.000000 1.000000
1.176400 1.176400 1.176400 1.000000
0.000000 0.000000 0.000000 1.000000
0.000000 0.000000 0.000000 1.000000
0.192000
1.000000
"materials/MineScroller.ini"
""

Bones: 0
GroupComments: 0
MaterialComments: 0
BoneComments: 0
ModelComment: 0
