// MilkShape 3D ASCII

Frames: 30
Frame: 1

Meshes: 2
"minescroller" 1 0
9
1 0.000996 30.041943 0.086384 0.732732 0.007525 -1
1 -26.599598 15.756433 0.086384 0.514694 0.241714 -1
1 -26.599586 -15.754442 0.086384 0.514694 0.758286 -1
1 0.000996 30.041943 0.086384 0.732732 0.007525 -1
1 -26.599586 -15.754442 0.086384 0.514694 0.758286 -1
1 26.601597 -15.754444 0.086384 0.950769 0.758286 -1
1 26.601593 15.756450 0.086384 0.950770 0.241714 -1
1 0.000996 30.041943 0.086384 0.732732 0.007525 -1
1 26.601597 -15.754444 0.086384 0.950769 0.758286 -1
1
0.000000 0.000000 1.000000
3
1 0 1 2 0 0 0 1
1 3 4 5 0 0 0 1
1 6 7 8 0 0 0 1
"minestatic" 1 0
144
1 -25.608511 13.231645 3.040427 0.181384 0.954362 -1
1 -24.389498 13.231645 3.040427 0.181384 0.932734 -1
1 -24.389498 14.827869 3.040427 0.167224 0.932734 -1
1 -24.389498 14.827869 3.040427 0.167224 0.932734 -1
1 -25.608511 15.169416 3.040427 0.164194 0.954362 -1
1 -25.608511 13.231645 3.040427 0.181384 0.954362 -1
1 0.000992 28.922676 3.040427 0.042190 0.500000 -1
1 -25.608511 15.169416 3.040427 0.164194 0.954362 -1
1 -24.389498 14.827869 3.040427 0.167224 0.932734 -1
1 -24.389498 14.827869 3.040427 0.167224 0.932734 -1
1 0.000992 28.083580 3.040427 0.049633 0.500000 -1
1 0.000992 28.922676 3.040427 0.042190 0.500000 -1
1 25.610500 13.231660 3.040427 0.181384 0.045638 -1
1 25.610504 15.169432 3.040427 0.164194 0.045638 -1
1 24.391487 14.827885 3.040427 0.167224 0.067265 -1
1 24.391487 14.827885 3.040427 0.167224 0.067265 -1
1 24.391491 13.231660 3.040427 0.181384 0.067265 -1
1 25.610500 13.231660 3.040427 0.181384 0.045638 -1
1 0.000992 28.922676 3.040427 0.042190 0.500000 -1
1 0.000992 28.083580 3.040427 0.049633 0.500000 -1
1 24.391487 14.827885 3.040427 0.167224 0.067265 -1
1 24.391487 14.827885 3.040427 0.167224 0.067265 -1
1 25.610504 15.169432 3.040427 0.164194 0.045638 -1
1 0.000992 28.922676 3.040427 0.042190 0.500000 -1
1 -26.999004 16.000992 -0.842900 0.156817 0.979032 -1
1 -26.999004 11.841150 -0.842900 0.193719 0.979032 -1
1 -26.999004 11.841150 1.722201 0.193719 0.979032 -1
1 -26.999004 11.841150 1.722201 0.193719 0.979032 -1
1 -26.999004 16.000992 1.722201 0.156817 0.979032 -1
1 -26.999004 16.000992 -0.842900 0.156817 0.979032 -1
1 -26.999004 11.841150 -0.842900 0.193719 0.979032 -1
1 -22.999004 11.841152 -0.842900 0.193719 0.908064 -1
1 -22.999004 11.841152 1.722201 0.193719 0.908064 -1
1 -22.999004 11.841152 1.722201 0.193719 0.908064 -1
1 -26.999004 11.841150 1.722201 0.193719 0.979032 -1
1 -26.999004 11.841150 -0.842900 0.193719 0.979032 -1
1 -22.999004 11.841152 -0.842900 0.193719 0.908064 -1
1 -22.999004 14.000994 -0.842900 0.174559 0.908064 -1
1 -22.999004 14.000994 1.722201 0.174559 0.908064 -1
1 -22.999004 14.000994 1.722201 0.174559 0.908064 -1
1 -22.999004 11.841152 1.722201 0.193719 0.908064 -1
1 -22.999004 11.841152 -0.842900 0.193719 0.908064 -1
1 -22.999004 14.000994 -0.842900 0.174559 0.908064 -1
1 0.000992 26.500999 -0.842900 0.063672 0.500000 -1
1 0.000992 26.500999 1.722201 0.063672 0.500000 -1
1 0.000992 26.500999 1.722201 0.063672 0.500000 -1
1 -22.999004 14.000994 1.722201 0.174559 0.908064 -1
1 -22.999004 14.000994 -0.842900 0.174559 0.908064 -1
1 0.000992 26.500999 -0.842900 0.063672 0.500000 -1
1 23.000996 14.001007 -0.842900 0.174559 0.091935 -1
1 23.000996 14.001007 1.722201 0.174559 0.091935 -1
1 23.000996 14.001007 1.722201 0.174559 0.091935 -1
1 0.000992 26.500999 1.722201 0.063672 0.500000 -1
1 0.000992 26.500999 -0.842900 0.063672 0.500000 -1
1 23.000996 14.001007 -0.842900 0.174559 0.091935 -1
1 23.000996 11.841166 -0.842900 0.193719 0.091935 -1
1 23.000996 11.841166 1.722201 0.193719 0.091935 -1
1 23.000996 11.841166 1.722201 0.193719 0.091935 -1
1 23.000996 14.001007 1.722201 0.174559 0.091935 -1
1 23.000996 14.001007 -0.842900 0.174559 0.091935 -1
1 23.000996 11.841166 -0.842900 0.193719 0.091935 -1
1 27.000996 11.841167 -0.842900 0.193719 0.020968 -1
1 27.000996 11.841167 1.722201 0.193719 0.020968 -1
1 27.000996 11.841167 1.722201 0.193719 0.020968 -1
1 23.000996 11.841166 1.722201 0.193719 0.091935 -1
1 23.000996 11.841166 -0.842900 0.193719 0.091935 -1
1 27.000996 11.841167 -0.842900 0.193719 0.020968 -1
1 27.000996 16.001007 -0.842900 0.156817 0.020968 -1
1 27.000996 16.001007 1.722201 0.156817 0.020968 -1
1 27.000996 16.001007 1.722201 0.156817 0.020968 -1
1 27.000996 11.841167 1.722201 0.193719 0.020968 -1
1 27.000996 11.841167 -0.842900 0.193719 0.020968 -1
1 27.000996 16.001007 -0.842900 0.156817 0.020968 -1
1 0.000990 30.500999 -0.842900 0.028188 0.500000 -1
1 0.000990 30.500999 1.722201 0.028188 0.500000 -1
1 0.000990 30.500999 1.722201 0.028188 0.500000 -1
1 27.000996 16.001007 1.722201 0.156817 0.020968 -1
1 27.000996 16.001007 -0.842900 0.156817 0.020968 -1
1 0.000990 30.500999 -0.842900 0.028188 0.500000 -1
1 -26.999004 16.000992 -0.842900 0.156817 0.979032 -1
1 -26.999004 16.000992 1.722201 0.156817 0.979032 -1
1 -26.999004 16.000992 1.722201 0.156817 0.979032 -1
1 0.000990 30.500999 1.722201 0.028188 0.500000 -1
1 0.000990 30.500999 -0.842900 0.028188 0.500000 -1
1 -26.999004 16.000992 1.722201 0.156817 0.979032 -1
1 -26.999004 11.841150 1.722201 0.193719 0.979032 -1
1 -25.608511 13.231645 3.040427 0.181384 0.954362 -1
1 -25.608511 13.231645 3.040427 0.181384 0.954362 -1
1 -25.608511 15.169416 3.040427 0.164194 0.954362 -1
1 -26.999004 16.000992 1.722201 0.156817 0.979032 -1
1 -26.999004 11.841150 1.722201 0.193719 0.979032 -1
1 -22.999004 11.841152 1.722201 0.193719 0.908064 -1
1 -24.389498 13.231645 3.040427 0.181384 0.932734 -1
1 -24.389498 13.231645 3.040427 0.181384 0.932734 -1
1 -25.608511 13.231645 3.040427 0.181384 0.954362 -1
1 -26.999004 11.841150 1.722201 0.193719 0.979032 -1
1 -22.999004 11.841152 1.722201 0.193719 0.908064 -1
1 -22.999004 14.000994 1.722201 0.174559 0.908064 -1
1 -24.389498 14.827869 3.040427 0.167224 0.932734 -1
1 -24.389498 14.827869 3.040427 0.167224 0.932734 -1
1 -24.389498 13.231645 3.040427 0.181384 0.932734 -1
1 -22.999004 11.841152 1.722201 0.193719 0.908064 -1
1 -22.999004 14.000994 1.722201 0.174559 0.908064 -1
1 0.000992 26.500999 1.722201 0.063672 0.500000 -1
1 0.000992 28.083580 3.040427 0.049633 0.500000 -1
1 0.000992 28.083580 3.040427 0.049633 0.500000 -1
1 -24.389498 14.827869 3.040427 0.167224 0.932734 -1
1 -22.999004 14.000994 1.722201 0.174559 0.908064 -1
1 0.000992 26.500999 1.722201 0.063672 0.500000 -1
1 23.000996 14.001007 1.722201 0.174559 0.091935 -1
1 24.391487 14.827885 3.040427 0.167224 0.067265 -1
1 24.391487 14.827885 3.040427 0.167224 0.067265 -1
1 0.000992 28.083580 3.040427 0.049633 0.500000 -1
1 0.000992 26.500999 1.722201 0.063672 0.500000 -1
1 23.000996 14.001007 1.722201 0.174559 0.091935 -1
1 23.000996 11.841166 1.722201 0.193719 0.091935 -1
1 24.391491 13.231660 3.040427 0.181384 0.067265 -1
1 24.391491 13.231660 3.040427 0.181384 0.067265 -1
1 24.391487 14.827885 3.040427 0.167224 0.067265 -1
1 23.000996 14.001007 1.722201 0.174559 0.091935 -1
1 23.000996 11.841166 1.722201 0.193719 0.091935 -1
1 27.000996 11.841167 1.722201 0.193719 0.020968 -1
1 25.610500 13.231660 3.040427 0.181384 0.045638 -1
1 25.610500 13.231660 3.040427 0.181384 0.045638 -1
1 24.391491 13.231660 3.040427 0.181384 0.067265 -1
1 23.000996 11.841166 1.722201 0.193719 0.091935 -1
1 27.000996 11.841167 1.722201 0.193719 0.020968 -1
1 27.000996 16.001007 1.722201 0.156817 0.020968 -1
1 25.610504 15.169432 3.040427 0.164194 0.045638 -1
1 25.610504 15.169432 3.040427 0.164194 0.045638 -1
1 25.610500 13.231660 3.040427 0.181384 0.045638 -1
1 27.000996 11.841167 1.722201 0.193719 0.020968 -1
1 27.000996 16.001007 1.722201 0.156817 0.020968 -1
1 0.000990 30.500999 1.722201 0.028188 0.500000 -1
1 0.000992 28.922676 3.040427 0.042190 0.500000 -1
1 0.000992 28.922676 3.040427 0.042190 0.500000 -1
1 25.610504 15.169432 3.040427 0.164194 0.045638 -1
1 27.000996 16.001007 1.722201 0.156817 0.020968 -1
1 0.000990 30.500999 1.722201 0.028188 0.500000 -1
1 -26.999004 16.000992 1.722201 0.156817 0.979032 -1
1 -25.608511 15.169416 3.040427 0.164194 0.954362 -1
1 -25.608511 15.169416 3.040427 0.164194 0.954362 -1
1 0.000992 28.922676 3.040427 0.042190 0.500000 -1
1 0.000990 30.500999 1.722201 0.028188 0.500000 -1
30
-0.242961 -0.121480 0.962399
0.152769 -0.305537 0.939845
0.210671 -0.074712 0.974698
-0.233198 0.211119 0.949235
0.040188 0.224498 0.973645
0.057099 -0.315187 0.947310
0.121480 -0.242961 0.962399
0.296327 0.105560 0.949235
-0.166242 -0.149424 0.974698
-0.305537 -0.152769 0.939845
-0.942015 0.335571 0.000000
-0.447213 -0.894427 0.000000
-0.617689 -0.512912 0.596139
-0.706226 0.477316 0.522891
0.894427 -0.447214 0.000000
0.512912 -0.617689 0.596139
0.743724 -0.668486 0.000000
0.755813 -0.394862 0.522332
-0.178258 -0.983984 0.000000
0.043146 -0.856650 0.514090
-0.942487 -0.334243 0.000000
-0.707846 -0.475524 0.522332
-0.447213 -0.894427 0.000000
-0.617688 -0.512912 0.596139
0.894427 -0.447214 0.000000
0.512912 -0.617689 0.596139
0.741328 0.671142 0.000000
0.754647 0.396350 0.522891
-0.176212 0.984352 0.000000
0.042666 0.857278 0.513083
48
1 0 1 2 0 1 2 1
1 3 4 5 2 3 0 1
1 6 7 8 4 3 2 1
1 9 10 11 2 5 4 1
1 12 13 14 6 7 8 1
1 15 16 17 8 9 6 1
1 18 19 20 4 5 8 1
1 21 22 23 8 7 4 1
1 24 25 26 10 11 12 1
1 27 28 29 12 13 10 1
1 30 31 32 11 14 15 1
1 33 34 35 15 12 11 1
1 36 37 38 14 16 17 1
1 39 40 41 17 15 14 1
1 42 43 44 16 18 19 1
1 45 46 47 19 17 16 1
1 48 49 50 18 20 21 1
1 51 52 53 21 19 18 1
1 54 55 56 20 22 23 1
1 57 58 59 23 21 20 1
1 60 61 62 22 24 25 1
1 63 64 65 25 23 22 1
1 66 67 68 24 26 27 1
1 69 70 71 27 25 24 1
1 72 73 74 26 28 29 1
1 75 76 77 29 27 26 1
1 78 79 80 28 10 13 1
1 81 82 83 13 29 28 1
1 84 85 86 13 12 0 1
1 87 88 89 0 3 13 1
1 90 91 92 12 15 1 1
1 93 94 95 1 0 12 1
1 96 97 98 15 17 2 1
1 99 100 101 2 1 15 1
1 102 103 104 17 19 5 1
1 105 106 107 5 2 17 1
1 108 109 110 19 21 8 1
1 111 112 113 8 5 19 1
1 114 115 116 21 23 9 1
1 117 118 119 9 8 21 1
1 120 121 122 23 25 6 1
1 123 124 125 6 9 23 1
1 126 127 128 25 27 7 1
1 129 130 131 7 6 25 1
1 132 133 134 27 29 4 1
1 135 136 137 4 7 27 1
1 138 139 140 29 13 3 1
1 141 142 143 3 4 29 1

Materials: 1
"minestatic"
0.000000 0.000000 0.000000 1.000000
1.176400 1.176400 1.176400 1.000000
0.000000 0.000000 0.000000 1.000000
0.000000 0.000000 0.000000 1.000000
0.192000
1.000000
"materials/_pittex.png"
""

Bones: 0
GroupComments: 0
MaterialComments: 0
BoneComments: 0
ModelComment: 0
